50
1 10
36 46
1 40
43 95
1 90
50 44
1 160
57 46
1 250
64 95
4 10
71 44
2 93
66 27
41 99
4 40
78 93
28 4
96 99
85 30
4 90
85 42
54 62
79 71
29 61
4 160
92 91
27 20
9 43
73 39
4 250
99 40
53 31
92 68
17 70
9 10
6 89
79 89
22 40
61 1
76 78
66 47
17 31
6 17
36 36
9 40
13 91
5 100
5 12
5 79
99 87
59 65
62 73
93 73
63 65
9 90
20 40
78 58
88 84
49 10
75 49
99 30
7 15
80 29
43 94
9 160
27 89
4 69
18 56
93 41
51 11
39 48
99 57
67 32
23 23
9 250
34 38
30 27
1 81
37 19
74 73
32 13
44 99
7 88
50 52
16 10
41 87
56 38
31 53
81 50
50 35
72 31
89 41
94 91
30 81
72 94
85 70
64 95
49 91
34 50
45 43
95 16
16 40
48 36
29 96
14 25
25 81
26 97
65 96
34 83
81 47
10 10
65 6
88 92
26 5
62 77
33 28
61 78
45 95
16 90
55 85
55 7
44 97
22 59
49 59
5 14
79 25
68 50
37 39
5 18
44 14
35 15
75 10
85 59
30 66
95 21
16 160
62 87
81 65
27 22
66 90
25 21
45 79
24 67
55 6
17 68
45 30
47 83
97 25
88 96
84 90
46 54
92 100
16 250
69 36
7 76
57 94
10 21
1 83
38 97
16 9
42 9
97 97
38 42
3 5
59 35
1 29
83 68
62 89
42 79
25 10
76 85
80 34
40 66
54 99
24 45
78 62
61 51
29 65
24 26
78 54
6 27
68 45
14 15
82 99
31 77
92 58
19 29
5 50
71 80
48 3
94 73
80 55
74 79
96 42
69 56
25 40
83 34
6 92
70 38
98 30
100 7
18 80
6 93
16 68
4 55
18 66
9 96
30 55
27 48
81 30
47 65
42 84
31 96
68 83
3 82
80 24
61 98
73 44
59 24
77 86
16 66
25 90
90 83
32 3
53 10
42 61
76 69
11 98
51 35
3 24
84 84
11 78
65 18
39 65
87 34
80 8
16 100
92 63
96 63
78 16
35 84
12 45
28 23
19 33
97 69
58 77
10 23
25 160
97 32
58 61
83 35
86 92
52 31
51 63
96 77
90 27
11 13
51 90
68 40
1 75
100 67
79 39
32 88
42 42
8 30
41 2
14 86
44 19
95 48
65 22
35 67
86 21
4 33
25 250
4 81
31 72
66 7
30 70
75 93
44 81
41 72
77 83
91 42
44 2
24 9
63 32
13 53
78 17
1 76
92 21
20 97
4 35
46 35
76 40
15 73
58 58
20 12
67 65
98 90
199 199
46 28
34 79
5 92
94 50
25 12
90 30
58 24
99 60
65 16
90 27
48 88
76 92
38 10
25 97
3 98
39 89
98 99
76 39
32 94
68 72
70 23
81 39
42 82
47 76
68 91
14 4
5 18
17 16
42 4
94 12
14 12
70 24
38 57
73 40
30 62
32 25
3 99
30 39
2 14
54 94
10 3
16 8
86 92
1 66
88 74
5 36
12 72
81 48
3 33
8 83
90 44
16 99
61 91
80 49
45 42
65 64
83 69
39 68
36 37
6 33
60 73
91 23
26 53
52 75
29 54
14 42
36 40
35 25
27 86
46 73
11 35
38 61
63 93
13 73
50 12
69 80
38 84
74 72
28 67
89 95
30 59
45 22
31 34
43 53
60 33
23 81
65 96
47 87
75 78
37 41
12 91
5 62
12 47
80 19
30 91
89 82
39 10
54 39
20 52
61 5
13 98
33 10
58 56
40 10
75 38
16 36
71 76
61 11
65 68
61 76
69 35
74 67
18 67
10 5
79 32
11 44
98 53
21 18
17 21
39 70
91 21
74 95
42 42
63 46
82 99
41 31
12 21
69 58
25 5
57 28
38 63
75 7
94 72
62 72
2 65
45 25
90 38
13 73
12 72
93 28
79 21
9 98
65 20
93 65
44 84
100 81
58 83
70 5
27 37
48 92
28 19
70 77
54 1
22 59
33 43
4 10
3 21
14 83
61 51
79 81
50 3
81 69
13 25
86 56
40 76
93 92
85 36
79 90
68 7
62 70
20 70
27 36
71 80
49 7
9 44
10 10
98 14
93 96
15 12
70 80
43 71
73 72
73 42
23 65
50 43
28 1
65 76
96 38
83 46
1 99
58 78
73 79
16 86
2 12
66 44
87 9
1 61
11 45
7 73
199 399
46 28
34 79
5 92
94 50
25 12
90 30
58 24
99 60
65 16
90 27
48 88
76 92
38 10
25 97
3 98
39 89
98 99
76 39
32 94
68 72
70 23
81 39
42 82
47 76
68 91
14 4
5 18
17 16
42 4
94 12
14 12
70 24
38 57
73 40
30 62
32 25
3 99
30 39
2 14
54 94
10 3
16 8
86 92
1 66
88 74
5 36
12 72
81 48
3 33
8 83
90 44
16 99
61 91
80 49
45 42
65 64
83 69
39 68
36 37
6 33
60 73
91 23
26 53
52 75
29 54
14 42
36 40
35 25
27 86
46 73
11 35
38 61
63 93
13 73
50 12
69 80
38 84
74 72
28 67
89 95
30 59
45 22
31 34
43 53
60 33
23 81
65 96
47 87
75 78
37 41
12 91
5 62
12 47
80 19
30 91
89 82
39 10
54 39
20 52
61 5
13 98
33 10
58 56
40 10
75 38
16 36
71 76
61 11
65 68
61 76
69 35
74 67
18 67
10 5
79 32
11 44
98 53
21 18
17 21
39 70
91 21
74 95
42 42
63 46
82 99
41 31
12 21
69 58
25 5
57 28
38 63
75 7
94 72
62 72
2 65
45 25
90 38
13 73
12 72
93 28
79 21
9 98
65 20
93 65
44 84
100 81
58 83
70 5
27 37
48 92
28 19
70 77
54 1
22 59
33 43
4 10
3 21
14 83
61 51
79 81
50 3
81 69
13 25
86 56
40 76
93 92
85 36
79 90
68 7
62 70
20 70
27 36
71 80
49 7
9 44
10 10
98 14
93 96
15 12
70 80
43 71
73 72
73 42
23 65
50 43
28 1
65 76
96 38
83 46
1 99
58 78
73 79
16 86
2 12
66 44
87 9
1 61
11 45
7 73
199 599
46 28
34 79
5 92
94 50
25 12
90 30
58 24
99 60
65 16
90 27
48 88
76 92
38 10
25 97
3 98
39 89
98 99
76 39
32 94
68 72
70 23
81 39
42 82
47 76
68 91
14 4
5 18
17 16
42 4
94 12
14 12
70 24
38 57
73 40
30 62
32 25
3 99
30 39
2 14
54 94
10 3
16 8
86 92
1 66
88 74
5 36
12 72
81 48
3 33
8 83
90 44
16 99
61 91
80 49
45 42
65 64
83 69
39 68
36 37
6 33
60 73
91 23
26 53
52 75
29 54
14 42
36 40
35 25
27 86
46 73
11 35
38 61
63 93
13 73
50 12
69 80
38 84
74 72
28 67
89 95
30 59
45 22
31 34
43 53
60 33
23 81
65 96
47 87
75 78
37 41
12 91
5 62
12 47
80 19
30 91
89 82
39 10
54 39
20 52
61 5
13 98
33 10
58 56
40 10
75 38
16 36
71 76
61 11
65 68
61 76
69 35
74 67
18 67
10 5
79 32
11 44
98 53
21 18
17 21
39 70
91 21
74 95
42 42
63 46
82 99
41 31
12 21
69 58
25 5
57 28
38 63
75 7
94 72
62 72
2 65
45 25
90 38
13 73
12 72
93 28
79 21
9 98
65 20
93 65
44 84
100 81
58 83
70 5
27 37
48 92
28 19
70 77
54 1
22 59
33 43
4 10
3 21
14 83
61 51
79 81
50 3
81 69
13 25
86 56
40 76
93 92
85 36
79 90
68 7
62 70
20 70
27 36
71 80
49 7
9 44
10 10
98 14
93 96
15 12
70 80
43 71
73 72
73 42
23 65
50 43
28 1
65 76
96 38
83 46
1 99
58 78
73 79
16 86
2 12
66 44
87 9
1 61
11 45
7 73
199 799
46 28
34 79
5 92
94 50
25 12
90 30
58 24
99 60
65 16
90 27
48 88
76 92
38 10
25 97
3 98
39 89
98 99
76 39
32 94
68 72
70 23
81 39
42 82
47 76
68 91
14 4
5 18
17 16
42 4
94 12
14 12
70 24
38 57
73 40
30 62
32 25
3 99
30 39
2 14
54 94
10 3
16 8
86 92
1 66
88 74
5 36
12 72
81 48
3 33
8 83
90 44
16 99
61 91
80 49
45 42
65 64
83 69
39 68
36 37
6 33
60 73
91 23
26 53
52 75
29 54
14 42
36 40
35 25
27 86
46 73
11 35
38 61
63 93
13 73
50 12
69 80
38 84
74 72
28 67
89 95
30 59
45 22
31 34
43 53
60 33
23 81
65 96
47 87
75 78
37 41
12 91
5 62
12 47
80 19
30 91
89 82
39 10
54 39
20 52
61 5
13 98
33 10
58 56
40 10
75 38
16 36
71 76
61 11
65 68
61 76
69 35
74 67
18 67
10 5
79 32
11 44
98 53
21 18
17 21
39 70
91 21
74 95
42 42
63 46
82 99
41 31
12 21
69 58
25 5
57 28
38 63
75 7
94 72
62 72
2 65
45 25
90 38
13 73
12 72
93 28
79 21
9 98
65 20
93 65
44 84
100 81
58 83
70 5
27 37
48 92
28 19
70 77
54 1
22 59
33 43
4 10
3 21
14 83
61 51
79 81
50 3
81 69
13 25
86 56
40 76
93 92
85 36
79 90
68 7
62 70
20 70
27 36
71 80
49 7
9 44
10 10
98 14
93 96
15 12
70 80
43 71
73 72
73 42
23 65
50 43
28 1
65 76
96 38
83 46
1 99
58 78
73 79
16 86
2 12
66 44
87 9
1 61
11 45
7 73
199 999
46 28
34 79
5 92
94 50
25 12
90 30
58 24
99 60
65 16
90 27
48 88
76 92
38 10
25 97
3 98
39 89
98 99
76 39
32 94
68 72
70 23
81 39
42 82
47 76
68 91
14 4
5 18
17 16
42 4
94 12
14 12
70 24
38 57
73 40
30 62
32 25
3 99
30 39
2 14
54 94
10 3
16 8
86 92
1 66
88 74
5 36
12 72
81 48
3 33
8 83
90 44
16 99
61 91
80 49
45 42
65 64
83 69
39 68
36 37
6 33
60 73
91 23
26 53
52 75
29 54
14 42
36 40
35 25
27 86
46 73
11 35
38 61
63 93
13 73
50 12
69 80
38 84
74 72
28 67
89 95
30 59
45 22
31 34
43 53
60 33
23 81
65 96
47 87
75 78
37 41
12 91
5 62
12 47
80 19
30 91
89 82
39 10
54 39
20 52
61 5
13 98
33 10
58 56
40 10
75 38
16 36
71 76
61 11
65 68
61 76
69 35
74 67
18 67
10 5
79 32
11 44
98 53
21 18
17 21
39 70
91 21
74 95
42 42
63 46
82 99
41 31
12 21
69 58
25 5
57 28
38 63
75 7
94 72
62 72
2 65
45 25
90 38
13 73
12 72
93 28
79 21
9 98
65 20
93 65
44 84
100 81
58 83
70 5
27 37
48 92
28 19
70 77
54 1
22 59
33 43
4 10
3 21
14 83
61 51
79 81
50 3
81 69
13 25
86 56
40 76
93 92
85 36
79 90
68 7
62 70
20 70
27 36
71 80
49 7
9 44
10 10
98 14
93 96
15 12
70 80
43 71
73 72
73 42
23 65
50 43
28 1
65 76
96 38
83 46
1 99
58 78
73 79
16 86
2 12
66 44
87 9
1 61
11 45
7 73
399 199
53 77
60 37
88 64
38 81
1 74
30 95
50 66
86 16
45 45
30 39
4 57
38 2
51 43
24 28
19 86
89 68
10 66
39 72
11 96
100 46
37 48
27 28
80 27
75 20
62 48
68 10
13 62
85 6
66 53
77 15
89 31
19 48
92 10
50 48
11 95
83 6
38 65
48 53
18 50
32 16
78 97
45 9
56 87
59 23
92 72
93 12
17 7
86 67
19 23
46 27
44 41
87 27
98 49
57 46
92 46
27 95
28 97
27 19
78 36
74 45
20 30
85 31
21 74
18 5
35 16
56 60
18 45
2 46
22 98
70 27
54 19
29 18
32 83
6 5
38 18
41 31
33 56
28 95
17 80
47 21
53 18
11 92
22 81
16 50
79 67
49 28
28 34
91 30
78 37
13 41
97 61
30 54
12 32
29 57
6 11
33 3
74 78
32 73
15 63
40 10
57 46
4 59
3 71
84 43
44 35
69 36
96 39
76 22
73 98
75 1
4 3
69 43
38 6
37 89
88 33
36 57
92 90
29 60
24 89
32 39
24 76
29 54
58 44
92 54
31 83
85 69
20 71
20 60
81 89
88 95
10 38
84 87
76 95
16 32
39 10
15 3
43 94
77 23
60 29
96 31
55 33
63 48
69 54
41 83
22 83
62 10
64 66
17 12
100 59
6 21
34 96
53 43
7 98
45 44
2 41
12 43
60 50
92 2
18 62
10 95
22 93
67 60
33 40
72 6
71 64
82 18
15 93
90 90
75 67
30 70
53 53
35 35
78 71
49 86
44 1
23 24
91 74
100 14
25 97
52 95
6 73
90 68
92 62
70 87
45 99
1 57
66 61
54 50
42 76
25 84
84 34
23 52
19 17
82 15
66 17
73 67
4 37
14 79
87 52
95 36
54 79
84 82
68 75
26 10
13 12
1 16
99 80
28 18
87 22
15 95
38 90
5 11
53 26
59 27
66 69
9 20
87 36
56 65
55 22
10 2
93 67
41 20
42 13
20 39
89 63
54 89
68 51
45 31
16 90
86 68
90 73
85 32
90 21
34 52
17 72
89 20
29 31
54 60
27 1
10 87
17 100
34 51
10 36
26 94
81 92
30 91
93 49
12 66
97 76
89 56
63 66
1 81
28 22
75 86
74 60
1 11
74 67
93 69
98 14
74 26
16 71
44 83
12 96
13 20
41 75
80 83
78 46
19 18
67 89
35 94
71 80
67 74
36 56
22 69
44 56
3 90
79 6
50 66
20 69
67 1
67 84
98 15
8 20
9 55
85 48
73 30
78 38
15 93
49 57
42 45
18 76
56 7
31 53
81 75
23 50
39 37
51 15
78 3
39 76
17 31
46 94
14 76
51 59
94 8
72 64
14 14
2 82
46 2
28 93
44 17
40 12
33 10
47 22
56 46
98 44
57 32
100 67
80 15
75 84
4 2
52 20
33 66
81 66
36 65
10 11
82 6
30 89
24 100
11 45
77 91
63 25
31 2
45 91
85 37
11 6
42 64
34 26
95 29
5 76
30 95
22 2
46 68
31 94
2 70
59 35
86 46
12 93
26 80
78 57
36 36
86 89
22 69
18 100
30 31
39 10
2 27
80 38
25 20
18 92
94 62
46 48
67 78
84 82
47 22
98 2
60 66
22 3
86 96
86 29
19 38
81 94
9 14
95 17
70 37
2 88
77 22
22 15
63 23
51 29
83 98
48 12
76 84
88 9
63 92
21 84
79 37
98 92
77 88
68 18
30 57
94 70
91 14
49 26
64 52
59 56
4 3
90 57
58 77
60 51
399 399
53 77
60 37
88 64
38 81
1 74
30 95
50 66
86 16
45 45
30 39
4 57
38 2
51 43
24 28
19 86
89 68
10 66
39 72
11 96
100 46
37 48
27 28
80 27
75 20
62 48
68 10
13 62
85 6
66 53
77 15
89 31
19 48
92 10
50 48
11 95
83 6
38 65
48 53
18 50
32 16
78 97
45 9
56 87
59 23
92 72
93 12
17 7
86 67
19 23
46 27
44 41
87 27
98 49
57 46
92 46
27 95
28 97
27 19
78 36
74 45
20 30
85 31
21 74
18 5
35 16
56 60
18 45
2 46
22 98
70 27
54 19
29 18
32 83
6 5
38 18
41 31
33 56
28 95
17 80
47 21
53 18
11 92
22 81
16 50
79 67
49 28
28 34
91 30
78 37
13 41
97 61
30 54
12 32
29 57
6 11
33 3
74 78
32 73
15 63
40 10
57 46
4 59
3 71
84 43
44 35
69 36
96 39
76 22
73 98
75 1
4 3
69 43
38 6
37 89
88 33
36 57
92 90
29 60
24 89
32 39
24 76
29 54
58 44
92 54
31 83
85 69
20 71
20 60
81 89
88 95
10 38
84 87
76 95
16 32
39 10
15 3
43 94
77 23
60 29
96 31
55 33
63 48
69 54
41 83
22 83
62 10
64 66
17 12
100 59
6 21
34 96
53 43
7 98
45 44
2 41
12 43
60 50
92 2
18 62
10 95
22 93
67 60
33 40
72 6
71 64
82 18
15 93
90 90
75 67
30 70
53 53
35 35
78 71
49 86
44 1
23 24
91 74
100 14
25 97
52 95
6 73
90 68
92 62
70 87
45 99
1 57
66 61
54 50
42 76
25 84
84 34
23 52
19 17
82 15
66 17
73 67
4 37
14 79
87 52
95 36
54 79
84 82
68 75
26 10
13 12
1 16
99 80
28 18
87 22
15 95
38 90
5 11
53 26
59 27
66 69
9 20
87 36
56 65
55 22
10 2
93 67
41 20
42 13
20 39
89 63
54 89
68 51
45 31
16 90
86 68
90 73
85 32
90 21
34 52
17 72
89 20
29 31
54 60
27 1
10 87
17 100
34 51
10 36
26 94
81 92
30 91
93 49
12 66
97 76
89 56
63 66
1 81
28 22
75 86
74 60
1 11
74 67
93 69
98 14
74 26
16 71
44 83
12 96
13 20
41 75
80 83
78 46
19 18
67 89
35 94
71 80
67 74
36 56
22 69
44 56
3 90
79 6
50 66
20 69
67 1
67 84
98 15
8 20
9 55
85 48
73 30
78 38
15 93
49 57
42 45
18 76
56 7
31 53
81 75
23 50
39 37
51 15
78 3
39 76
17 31
46 94
14 76
51 59
94 8
72 64
14 14
2 82
46 2
28 93
44 17
40 12
33 10
47 22
56 46
98 44
57 32
100 67
80 15
75 84
4 2
52 20
33 66
81 66
36 65
10 11
82 6
30 89
24 100
11 45
77 91
63 25
31 2
45 91
85 37
11 6
42 64
34 26
95 29
5 76
30 95
22 2
46 68
31 94
2 70
59 35
86 46
12 93
26 80
78 57
36 36
86 89
22 69
18 100
30 31
39 10
2 27
80 38
25 20
18 92
94 62
46 48
67 78
84 82
47 22
98 2
60 66
22 3
86 96
86 29
19 38
81 94
9 14
95 17
70 37
2 88
77 22
22 15
63 23
51 29
83 98
48 12
76 84
88 9
63 92
21 84
79 37
98 92
77 88
68 18
30 57
94 70
91 14
49 26
64 52
59 56
4 3
90 57
58 77
60 51
399 599
53 77
60 37
88 64
38 81
1 74
30 95
50 66
86 16
45 45
30 39
4 57
38 2
51 43
24 28
19 86
89 68
10 66
39 72
11 96
100 46
37 48
27 28
80 27
75 20
62 48
68 10
13 62
85 6
66 53
77 15
89 31
19 48
92 10
50 48
11 95
83 6
38 65
48 53
18 50
32 16
78 97
45 9
56 87
59 23
92 72
93 12
17 7
86 67
19 23
46 27
44 41
87 27
98 49
57 46
92 46
27 95
28 97
27 19
78 36
74 45
20 30
85 31
21 74
18 5
35 16
56 60
18 45
2 46
22 98
70 27
54 19
29 18
32 83
6 5
38 18
41 31
33 56
28 95
17 80
47 21
53 18
11 92
22 81
16 50
79 67
49 28
28 34
91 30
78 37
13 41
97 61
30 54
12 32
29 57
6 11
33 3
74 78
32 73
15 63
40 10
57 46
4 59
3 71
84 43
44 35
69 36
96 39
76 22
73 98
75 1
4 3
69 43
38 6
37 89
88 33
36 57
92 90
29 60
24 89
32 39
24 76
29 54
58 44
92 54
31 83
85 69
20 71
20 60
81 89
88 95
10 38
84 87
76 95
16 32
39 10
15 3
43 94
77 23
60 29
96 31
55 33
63 48
69 54
41 83
22 83
62 10
64 66
17 12
100 59
6 21
34 96
53 43
7 98
45 44
2 41
12 43
60 50
92 2
18 62
10 95
22 93
67 60
33 40
72 6
71 64
82 18
15 93
90 90
75 67
30 70
53 53
35 35
78 71
49 86
44 1
23 24
91 74
100 14
25 97
52 95
6 73
90 68
92 62
70 87
45 99
1 57
66 61
54 50
42 76
25 84
84 34
23 52
19 17
82 15
66 17
73 67
4 37
14 79
87 52
95 36
54 79
84 82
68 75
26 10
13 12
1 16
99 80
28 18
87 22
15 95
38 90
5 11
53 26
59 27
66 69
9 20
87 36
56 65
55 22
10 2
93 67
41 20
42 13
20 39
89 63
54 89
68 51
45 31
16 90
86 68
90 73
85 32
90 21
34 52
17 72
89 20
29 31
54 60
27 1
10 87
17 100
34 51
10 36
26 94
81 92
30 91
93 49
12 66
97 76
89 56
63 66
1 81
28 22
75 86
74 60
1 11
74 67
93 69
98 14
74 26
16 71
44 83
12 96
13 20
41 75
80 83
78 46
19 18
67 89
35 94
71 80
67 74
36 56
22 69
44 56
3 90
79 6
50 66
20 69
67 1
67 84
98 15
8 20
9 55
85 48
73 30
78 38
15 93
49 57
42 45
18 76
56 7
31 53
81 75
23 50
39 37
51 15
78 3
39 76
17 31
46 94
14 76
51 59
94 8
72 64
14 14
2 82
46 2
28 93
44 17
40 12
33 10
47 22
56 46
98 44
57 32
100 67
80 15
75 84
4 2
52 20
33 66
81 66
36 65
10 11
82 6
30 89
24 100
11 45
77 91
63 25
31 2
45 91
85 37
11 6
42 64
34 26
95 29
5 76
30 95
22 2
46 68
31 94
2 70
59 35
86 46
12 93
26 80
78 57
36 36
86 89
22 69
18 100
30 31
39 10
2 27
80 38
25 20
18 92
94 62
46 48
67 78
84 82
47 22
98 2
60 66
22 3
86 96
86 29
19 38
81 94
9 14
95 17
70 37
2 88
77 22
22 15
63 23
51 29
83 98
48 12
76 84
88 9
63 92
21 84
79 37
98 92
77 88
68 18
30 57
94 70
91 14
49 26
64 52
59 56
4 3
90 57
58 77
60 51
399 799
53 77
60 37
88 64
38 81
1 74
30 95
50 66
86 16
45 45
30 39
4 57
38 2
51 43
24 28
19 86
89 68
10 66
39 72
11 96
100 46
37 48
27 28
80 27
75 20
62 48
68 10
13 62
85 6
66 53
77 15
89 31
19 48
92 10
50 48
11 95
83 6
38 65
48 53
18 50
32 16
78 97
45 9
56 87
59 23
92 72
93 12
17 7
86 67
19 23
46 27
44 41
87 27
98 49
57 46
92 46
27 95
28 97
27 19
78 36
74 45
20 30
85 31
21 74
18 5
35 16
56 60
18 45
2 46
22 98
70 27
54 19
29 18
32 83
6 5
38 18
41 31
33 56
28 95
17 80
47 21
53 18
11 92
22 81
16 50
79 67
49 28
28 34
91 30
78 37
13 41
97 61
30 54
12 32
29 57
6 11
33 3
74 78
32 73
15 63
40 10
57 46
4 59
3 71
84 43
44 35
69 36
96 39
76 22
73 98
75 1
4 3
69 43
38 6
37 89
88 33
36 57
92 90
29 60
24 89
32 39
24 76
29 54
58 44
92 54
31 83
85 69
20 71
20 60
81 89
88 95
10 38
84 87
76 95
16 32
39 10
15 3
43 94
77 23
60 29
96 31
55 33
63 48
69 54
41 83
22 83
62 10
64 66
17 12
100 59
6 21
34 96
53 43
7 98
45 44
2 41
12 43
60 50
92 2
18 62
10 95
22 93
67 60
33 40
72 6
71 64
82 18
15 93
90 90
75 67
30 70
53 53
35 35
78 71
49 86
44 1
23 24
91 74
100 14
25 97
52 95
6 73
90 68
92 62
70 87
45 99
1 57
66 61
54 50
42 76
25 84
84 34
23 52
19 17
82 15
66 17
73 67
4 37
14 79
87 52
95 36
54 79
84 82
68 75
26 10
13 12
1 16
99 80
28 18
87 22
15 95
38 90
5 11
53 26
59 27
66 69
9 20
87 36
56 65
55 22
10 2
93 67
41 20
42 13
20 39
89 63
54 89
68 51
45 31
16 90
86 68
90 73
85 32
90 21
34 52
17 72
89 20
29 31
54 60
27 1
10 87
17 100
34 51
10 36
26 94
81 92
30 91
93 49
12 66
97 76
89 56
63 66
1 81
28 22
75 86
74 60
1 11
74 67
93 69
98 14
74 26
16 71
44 83
12 96
13 20
41 75
80 83
78 46
19 18
67 89
35 94
71 80
67 74
36 56
22 69
44 56
3 90
79 6
50 66
20 69
67 1
67 84
98 15
8 20
9 55
85 48
73 30
78 38
15 93
49 57
42 45
18 76
56 7
31 53
81 75
23 50
39 37
51 15
78 3
39 76
17 31
46 94
14 76
51 59
94 8
72 64
14 14
2 82
46 2
28 93
44 17
40 12
33 10
47 22
56 46
98 44
57 32
100 67
80 15
75 84
4 2
52 20
33 66
81 66
36 65
10 11
82 6
30 89
24 100
11 45
77 91
63 25
31 2
45 91
85 37
11 6
42 64
34 26
95 29
5 76
30 95
22 2
46 68
31 94
2 70
59 35
86 46
12 93
26 80
78 57
36 36
86 89
22 69
18 100
30 31
39 10
2 27
80 38
25 20
18 92
94 62
46 48
67 78
84 82
47 22
98 2
60 66
22 3
86 96
86 29
19 38
81 94
9 14
95 17
70 37
2 88
77 22
22 15
63 23
51 29
83 98
48 12
76 84
88 9
63 92
21 84
79 37
98 92
77 88
68 18
30 57
94 70
91 14
49 26
64 52
59 56
4 3
90 57
58 77
60 51
399 999
53 77
60 37
88 64
38 81
1 74
30 95
50 66
86 16
45 45
30 39
4 57
38 2
51 43
24 28
19 86
89 68
10 66
39 72
11 96
100 46
37 48
27 28
80 27
75 20
62 48
68 10
13 62
85 6
66 53
77 15
89 31
19 48
92 10
50 48
11 95
83 6
38 65
48 53
18 50
32 16
78 97
45 9
56 87
59 23
92 72
93 12
17 7
86 67
19 23
46 27
44 41
87 27
98 49
57 46
92 46
27 95
28 97
27 19
78 36
74 45
20 30
85 31
21 74
18 5
35 16
56 60
18 45
2 46
22 98
70 27
54 19
29 18
32 83
6 5
38 18
41 31
33 56
28 95
17 80
47 21
53 18
11 92
22 81
16 50
79 67
49 28
28 34
91 30
78 37
13 41
97 61
30 54
12 32
29 57
6 11
33 3
74 78
32 73
15 63
40 10
57 46
4 59
3 71
84 43
44 35
69 36
96 39
76 22
73 98
75 1
4 3
69 43
38 6
37 89
88 33
36 57
92 90
29 60
24 89
32 39
24 76
29 54
58 44
92 54
31 83
85 69
20 71
20 60
81 89
88 95
10 38
84 87
76 95
16 32
39 10
15 3
43 94
77 23
60 29
96 31
55 33
63 48
69 54
41 83
22 83
62 10
64 66
17 12
100 59
6 21
34 96
53 43
7 98
45 44
2 41
12 43
60 50
92 2
18 62
10 95
22 93
67 60
33 40
72 6
71 64
82 18
15 93
90 90
75 67
30 70
53 53
35 35
78 71
49 86
44 1
23 24
91 74
100 14
25 97
52 95
6 73
90 68
92 62
70 87
45 99
1 57
66 61
54 50
42 76
25 84
84 34
23 52
19 17
82 15
66 17
73 67
4 37
14 79
87 52
95 36
54 79
84 82
68 75
26 10
13 12
1 16
99 80
28 18
87 22
15 95
38 90
5 11
53 26
59 27
66 69
9 20
87 36
56 65
55 22
10 2
93 67
41 20
42 13
20 39
89 63
54 89
68 51
45 31
16 90
86 68
90 73
85 32
90 21
34 52
17 72
89 20
29 31
54 60
27 1
10 87
17 100
34 51
10 36
26 94
81 92
30 91
93 49
12 66
97 76
89 56
63 66
1 81
28 22
75 86
74 60
1 11
74 67
93 69
98 14
74 26
16 71
44 83
12 96
13 20
41 75
80 83
78 46
19 18
67 89
35 94
71 80
67 74
36 56
22 69
44 56
3 90
79 6
50 66
20 69
67 1
67 84
98 15
8 20
9 55
85 48
73 30
78 38
15 93
49 57
42 45
18 76
56 7
31 53
81 75
23 50
39 37
51 15
78 3
39 76
17 31
46 94
14 76
51 59
94 8
72 64
14 14
2 82
46 2
28 93
44 17
40 12
33 10
47 22
56 46
98 44
57 32
100 67
80 15
75 84
4 2
52 20
33 66
81 66
36 65
10 11
82 6
30 89
24 100
11 45
77 91
63 25
31 2
45 91
85 37
11 6
42 64
34 26
95 29
5 76
30 95
22 2
46 68
31 94
2 70
59 35
86 46
12 93
26 80
78 57
36 36
86 89
22 69
18 100
30 31
39 10
2 27
80 38
25 20
18 92
94 62
46 48
67 78
84 82
47 22
98 2
60 66
22 3
86 96
86 29
19 38
81 94
9 14
95 17
70 37
2 88
77 22
22 15
63 23
51 29
83 98
48 12
76 84
88 9
63 92
21 84
79 37
98 92
77 88
68 18
30 57
94 70
91 14
49 26
64 52
59 56
4 3
90 57
58 77
60 51
599 199
60 26
33 95
18 89
82 12
77 36
23 13
95 8
73 19
72 74
23 51
7 79
47 12
64 29
23 59
88 21
39 47
22 33
2 58
43 45
32 67
57 73
20 64
18 72
56 64
9 58
22 63
21 59
6 49
43 2
60 18
64 97
21 72
46 16
27 56
92 28
81 40
26 31
13 20
34 86
10 38
46 91
74 63
26 35
17 27
96 23
81 35
22 89
38 86
88 13
84 24
45 91
58 55
35 60
87 43
86 3
89 79
26 72
15 70
20 35
95 57
80 40
79 92
16 95
84 35
41 78
51 78
100 50
22 20
70 10
41 81
44 3
67 75
1 26
46 84
73 77
66 82
28 75
82 71
6 93
5 100
29 24
24 62
60 28
36 94
98 54
75 75
91 25
35 20
28 96
36 88
82 78
2 46
12 17
78 95
29 84
30 71
62 46
57 60
10 27
72 15
54 41
75 8
48 86
75 29
13 85
75 36
74 2
91 86
34 28
89 26
92 24
17 19
58 98
11 73
44 87
61 17
39 74
84 2
31 4
25 61
57 84
37 60
21 46
21 62
33 14
29 7
81 68
71 9
37 73
19 9
82 66
93 20
58 71
70 92
76 8
85 81
43 50
94 20
61 86
46 81
84 45
70 98
26 88
42 48
53 82
24 39
70 49
64 19
26 34
11 50
87 20
83 62
7 95
15 29
18 39
20 29
70 26
23 21
75 73
88 62
94 30
53 51
6 2
5 3
55 52
71 91
92 97
48 43
29 27
45 17
33 36
43 81
38 9
2 65
79 11
89 91
84 87
7 32
82 82
34 63
22 75
60 11
64 29
17 9
93 55
27 60
67 46
12 62
1 59
2 16
10 37
20 72
69 48
15 18
19 90
6 78
60 13
64 66
67 84
27 10
56 74
86 6
78 54
62 80
6 35
51 87
81 51
27 70
17 43
91 19
82 48
1 35
17 86
57 78
6 25
13 74
92 69
27 39
57 35
30 80
58 3
82 37
50 63
97 34
46 74
97 55
31 97
51 49
29 32
89 20
50 67
48 85
89 48
5 92
31 97
30 90
77 73
22 34
25 27
30 98
56 7
39 80
16 78
45 50
38 5
81 36
13 18
45 33
49 68
87 10
74 82
92 52
9 46
89 31
94 53
59 17
1 17
57 32
92 100
54 53
64 55
39 99
71 64
90 74
38 89
83 7
86 35
53 33
77 5
93 67
5 100
11 43
1 36
11 50
22 93
70 39
55 5
79 32
87 89
51 92
30 42
9 59
26 91
96 33
52 37
44 97
3 9
43 75
83 37
35 99
58 25
91 90
32 18
45 80
87 79
76 12
96 25
46 95
49 76
7 83
93 9
7 8
80 76
26 62
97 53
72 100
55 71
69 19
74 31
40 8
76 86
52 6
47 10
15 33
86 32
69 16
89 51
67 35
47 52
49 78
66 45
5 50
37 17
87 57
14 14
14 71
21 96
1 65
85 99
83 94
19 57
16 43
99 21
2 37
100 71
42 39
66 43
11 77
20 58
22 3
25 12
60 20
97 68
12 19
14 18
33 1
86 58
72 7
10 1
27 87
91 45
45 25
57 67
29 97
27 31
45 32
66 57
28 30
94 14
52 58
10 32
59 47
36 53
39 45
34 46
17 52
3 80
49 79
15 18
63 25
92 51
88 58
38 39
34 80
86 54
18 2
54 52
100 46
12 10
1 100
33 44
83 43
88 86
25 55
40 87
56 31
34 12
76 53
27 27
20 62
95 84
35 32
52 80
12 73
43 10
49 64
100 20
39 35
86 88
67 6
49 85
19 97
97 7
37 89
39 94
89 64
27 52
5 50
63 25
21 11
71 15
30 80
16 12
77 12
13 10
34 43
56 77
73 77
74 17
16 67
16 34
6 70
2 35
13 69
1 80
56 24
72 74
37 82
15 2
1 94
22 22
75 87
37 64
44 96
85 42
100 23
39 90
2 8
82 84
62 56
73 2
87 1
18 67
1 20
31 53
25 73
72 20
89 43
46 38
59 35
29 45
80 21
51 52
24 43
8 3
95 34
96 38
88 64
12 48
83 100
40 49
68 25
4 60
83 85
89 74
8 92
32 75
62 23
5 26
81 97
3 100
79 87
42 27
16 14
59 45
73 5
43 75
53 73
10 30
88 72
73 2
44 29
46 6
88 59
46 80
43 21
73 58
84 84
90 74
29 35
69 46
68 31
61 85
76 21
75 2
89 93
86 44
52 39
35 100
60 35
80 48
49 28
97 55
17 95
45 30
28 56
92 20
57 77
72 23
81 63
91 26
56 11
90 25
54 55
95 4
77 94
50 42
72 74
20 82
79 50
50 43
6 85
47 2
11 61
42 85
70 90
20 23
81 82
44 92
7 42
19 28
44 25
37 6
33 16
100 20
22 45
96 81
3 83
83 88
60 1
4 100
13 47
10 37
86 44
51 86
72 55
39 70
85 13
65 51
92 55
32 6
30 3
5 36
43 39
2 68
53 93
40 77
11 51
41 67
67 29
34 23
37 93
73 4
16 28
65 28
23 11
65 15
100 84
4 21
38 86
25 99
41 64
66 49
33 52
39 11
40 95
100 67
73 86
84 55
99 13
49 20
55 81
46 53
55 73
31 94
24 63
37 49
15 100
21 66
48 66
37 22
81 95
44 24
5 47
74 80
41 68
49 93
86 57
5 50
599 399
60 26
33 95
18 89
82 12
77 36
23 13
95 8
73 19
72 74
23 51
7 79
47 12
64 29
23 59
88 21
39 47
22 33
2 58
43 45
32 67
57 73
20 64
18 72
56 64
9 58
22 63
21 59
6 49
43 2
60 18
64 97
21 72
46 16
27 56
92 28
81 40
26 31
13 20
34 86
10 38
46 91
74 63
26 35
17 27
96 23
81 35
22 89
38 86
88 13
84 24
45 91
58 55
35 60
87 43
86 3
89 79
26 72
15 70
20 35
95 57
80 40
79 92
16 95
84 35
41 78
51 78
100 50
22 20
70 10
41 81
44 3
67 75
1 26
46 84
73 77
66 82
28 75
82 71
6 93
5 100
29 24
24 62
60 28
36 94
98 54
75 75
91 25
35 20
28 96
36 88
82 78
2 46
12 17
78 95
29 84
30 71
62 46
57 60
10 27
72 15
54 41
75 8
48 86
75 29
13 85
75 36
74 2
91 86
34 28
89 26
92 24
17 19
58 98
11 73
44 87
61 17
39 74
84 2
31 4
25 61
57 84
37 60
21 46
21 62
33 14
29 7
81 68
71 9
37 73
19 9
82 66
93 20
58 71
70 92
76 8
85 81
43 50
94 20
61 86
46 81
84 45
70 98
26 88
42 48
53 82
24 39
70 49
64 19
26 34
11 50
87 20
83 62
7 95
15 29
18 39
20 29
70 26
23 21
75 73
88 62
94 30
53 51
6 2
5 3
55 52
71 91
92 97
48 43
29 27
45 17
33 36
43 81
38 9
2 65
79 11
89 91
84 87
7 32
82 82
34 63
22 75
60 11
64 29
17 9
93 55
27 60
67 46
12 62
1 59
2 16
10 37
20 72
69 48
15 18
19 90
6 78
60 13
64 66
67 84
27 10
56 74
86 6
78 54
62 80
6 35
51 87
81 51
27 70
17 43
91 19
82 48
1 35
17 86
57 78
6 25
13 74
92 69
27 39
57 35
30 80
58 3
82 37
50 63
97 34
46 74
97 55
31 97
51 49
29 32
89 20
50 67
48 85
89 48
5 92
31 97
30 90
77 73
22 34
25 27
30 98
56 7
39 80
16 78
45 50
38 5
81 36
13 18
45 33
49 68
87 10
74 82
92 52
9 46
89 31
94 53
59 17
1 17
57 32
92 100
54 53
64 55
39 99
71 64
90 74
38 89
83 7
86 35
53 33
77 5
93 67
5 100
11 43
1 36
11 50
22 93
70 39
55 5
79 32
87 89
51 92
30 42
9 59
26 91
96 33
52 37
44 97
3 9
43 75
83 37
35 99
58 25
91 90
32 18
45 80
87 79
76 12
96 25
46 95
49 76
7 83
93 9
7 8
80 76
26 62
97 53
72 100
55 71
69 19
74 31
40 8
76 86
52 6
47 10
15 33
86 32
69 16
89 51
67 35
47 52
49 78
66 45
5 50
37 17
87 57
14 14
14 71
21 96
1 65
85 99
83 94
19 57
16 43
99 21
2 37
100 71
42 39
66 43
11 77
20 58
22 3
25 12
60 20
97 68
12 19
14 18
33 1
86 58
72 7
10 1
27 87
91 45
45 25
57 67
29 97
27 31
45 32
66 57
28 30
94 14
52 58
10 32
59 47
36 53
39 45
34 46
17 52
3 80
49 79
15 18
63 25
92 51
88 58
38 39
34 80
86 54
18 2
54 52
100 46
12 10
1 100
33 44
83 43
88 86
25 55
40 87
56 31
34 12
76 53
27 27
20 62
95 84
35 32
52 80
12 73
43 10
49 64
100 20
39 35
86 88
67 6
49 85
19 97
97 7
37 89
39 94
89 64
27 52
5 50
63 25
21 11
71 15
30 80
16 12
77 12
13 10
34 43
56 77
73 77
74 17
16 67
16 34
6 70
2 35
13 69
1 80
56 24
72 74
37 82
15 2
1 94
22 22
75 87
37 64
44 96
85 42
100 23
39 90
2 8
82 84
62 56
73 2
87 1
18 67
1 20
31 53
25 73
72 20
89 43
46 38
59 35
29 45
80 21
51 52
24 43
8 3
95 34
96 38
88 64
12 48
83 100
40 49
68 25
4 60
83 85
89 74
8 92
32 75
62 23
5 26
81 97
3 100
79 87
42 27
16 14
59 45
73 5
43 75
53 73
10 30
88 72
73 2
44 29
46 6
88 59
46 80
43 21
73 58
84 84
90 74
29 35
69 46
68 31
61 85
76 21
75 2
89 93
86 44
52 39
35 100
60 35
80 48
49 28
97 55
17 95
45 30
28 56
92 20
57 77
72 23
81 63
91 26
56 11
90 25
54 55
95 4
77 94
50 42
72 74
20 82
79 50
50 43
6 85
47 2
11 61
42 85
70 90
20 23
81 82
44 92
7 42
19 28
44 25
37 6
33 16
100 20
22 45
96 81
3 83
83 88
60 1
4 100
13 47
10 37
86 44
51 86
72 55
39 70
85 13
65 51
92 55
32 6
30 3
5 36
43 39
2 68
53 93
40 77
11 51
41 67
67 29
34 23
37 93
73 4
16 28
65 28
23 11
65 15
100 84
4 21
38 86
25 99
41 64
66 49
33 52
39 11
40 95
100 67
73 86
84 55
99 13
49 20
55 81
46 53
55 73
31 94
24 63
37 49
15 100
21 66
48 66
37 22
81 95
44 24
5 47
74 80
41 68
49 93
86 57
5 50
599 599
60 26
33 95
18 89
82 12
77 36
23 13
95 8
73 19
72 74
23 51
7 79
47 12
64 29
23 59
88 21
39 47
22 33
2 58
43 45
32 67
57 73
20 64
18 72
56 64
9 58
22 63
21 59
6 49
43 2
60 18
64 97
21 72
46 16
27 56
92 28
81 40
26 31
13 20
34 86
10 38
46 91
74 63
26 35
17 27
96 23
81 35
22 89
38 86
88 13
84 24
45 91
58 55
35 60
87 43
86 3
89 79
26 72
15 70
20 35
95 57
80 40
79 92
16 95
84 35
41 78
51 78
100 50
22 20
70 10
41 81
44 3
67 75
1 26
46 84
73 77
66 82
28 75
82 71
6 93
5 100
29 24
24 62
60 28
36 94
98 54
75 75
91 25
35 20
28 96
36 88
82 78
2 46
12 17
78 95
29 84
30 71
62 46
57 60
10 27
72 15
54 41
75 8
48 86
75 29
13 85
75 36
74 2
91 86
34 28
89 26
92 24
17 19
58 98
11 73
44 87
61 17
39 74
84 2
31 4
25 61
57 84
37 60
21 46
21 62
33 14
29 7
81 68
71 9
37 73
19 9
82 66
93 20
58 71
70 92
76 8
85 81
43 50
94 20
61 86
46 81
84 45
70 98
26 88
42 48
53 82
24 39
70 49
64 19
26 34
11 50
87 20
83 62
7 95
15 29
18 39
20 29
70 26
23 21
75 73
88 62
94 30
53 51
6 2
5 3
55 52
71 91
92 97
48 43
29 27
45 17
33 36
43 81
38 9
2 65
79 11
89 91
84 87
7 32
82 82
34 63
22 75
60 11
64 29
17 9
93 55
27 60
67 46
12 62
1 59
2 16
10 37
20 72
69 48
15 18
19 90
6 78
60 13
64 66
67 84
27 10
56 74
86 6
78 54
62 80
6 35
51 87
81 51
27 70
17 43
91 19
82 48
1 35
17 86
57 78
6 25
13 74
92 69
27 39
57 35
30 80
58 3
82 37
50 63
97 34
46 74
97 55
31 97
51 49
29 32
89 20
50 67
48 85
89 48
5 92
31 97
30 90
77 73
22 34
25 27
30 98
56 7
39 80
16 78
45 50
38 5
81 36
13 18
45 33
49 68
87 10
74 82
92 52
9 46
89 31
94 53
59 17
1 17
57 32
92 100
54 53
64 55
39 99
71 64
90 74
38 89
83 7
86 35
53 33
77 5
93 67
5 100
11 43
1 36
11 50
22 93
70 39
55 5
79 32
87 89
51 92
30 42
9 59
26 91
96 33
52 37
44 97
3 9
43 75
83 37
35 99
58 25
91 90
32 18
45 80
87 79
76 12
96 25
46 95
49 76
7 83
93 9
7 8
80 76
26 62
97 53
72 100
55 71
69 19
74 31
40 8
76 86
52 6
47 10
15 33
86 32
69 16
89 51
67 35
47 52
49 78
66 45
5 50
37 17
87 57
14 14
14 71
21 96
1 65
85 99
83 94
19 57
16 43
99 21
2 37
100 71
42 39
66 43
11 77
20 58
22 3
25 12
60 20
97 68
12 19
14 18
33 1
86 58
72 7
10 1
27 87
91 45
45 25
57 67
29 97
27 31
45 32
66 57
28 30
94 14
52 58
10 32
59 47
36 53
39 45
34 46
17 52
3 80
49 79
15 18
63 25
92 51
88 58
38 39
34 80
86 54
18 2
54 52
100 46
12 10
1 100
33 44
83 43
88 86
25 55
40 87
56 31
34 12
76 53
27 27
20 62
95 84
35 32
52 80
12 73
43 10
49 64
100 20
39 35
86 88
67 6
49 85
19 97
97 7
37 89
39 94
89 64
27 52
5 50
63 25
21 11
71 15
30 80
16 12
77 12
13 10
34 43
56 77
73 77
74 17
16 67
16 34
6 70
2 35
13 69
1 80
56 24
72 74
37 82
15 2
1 94
22 22
75 87
37 64
44 96
85 42
100 23
39 90
2 8
82 84
62 56
73 2
87 1
18 67
1 20
31 53
25 73
72 20
89 43
46 38
59 35
29 45
80 21
51 52
24 43
8 3
95 34
96 38
88 64
12 48
83 100
40 49
68 25
4 60
83 85
89 74
8 92
32 75
62 23
5 26
81 97
3 100
79 87
42 27
16 14
59 45
73 5
43 75
53 73
10 30
88 72
73 2
44 29
46 6
88 59
46 80
43 21
73 58
84 84
90 74
29 35
69 46
68 31
61 85
76 21
75 2
89 93
86 44
52 39
35 100
60 35
80 48
49 28
97 55
17 95
45 30
28 56
92 20
57 77
72 23
81 63
91 26
56 11
90 25
54 55
95 4
77 94
50 42
72 74
20 82
79 50
50 43
6 85
47 2
11 61
42 85
70 90
20 23
81 82
44 92
7 42
19 28
44 25
37 6
33 16
100 20
22 45
96 81
3 83
83 88
60 1
4 100
13 47
10 37
86 44
51 86
72 55
39 70
85 13
65 51
92 55
32 6
30 3
5 36
43 39
2 68
53 93
40 77
11 51
41 67
67 29
34 23
37 93
73 4
16 28
65 28
23 11
65 15
100 84
4 21
38 86
25 99
41 64
66 49
33 52
39 11
40 95
100 67
73 86
84 55
99 13
49 20
55 81
46 53
55 73
31 94
24 63
37 49
15 100
21 66
48 66
37 22
81 95
44 24
5 47
74 80
41 68
49 93
86 57
5 50
599 799
60 26
33 95
18 89
82 12
77 36
23 13
95 8
73 19
72 74
23 51
7 79
47 12
64 29
23 59
88 21
39 47
22 33
2 58
43 45
32 67
57 73
20 64
18 72
56 64
9 58
22 63
21 59
6 49
43 2
60 18
64 97
21 72
46 16
27 56
92 28
81 40
26 31
13 20
34 86
10 38
46 91
74 63
26 35
17 27
96 23
81 35
22 89
38 86
88 13
84 24
45 91
58 55
35 60
87 43
86 3
89 79
26 72
15 70
20 35
95 57
80 40
79 92
16 95
84 35
41 78
51 78
100 50
22 20
70 10
41 81
44 3
67 75
1 26
46 84
73 77
66 82
28 75
82 71
6 93
5 100
29 24
24 62
60 28
36 94
98 54
75 75
91 25
35 20
28 96
36 88
82 78
2 46
12 17
78 95
29 84
30 71
62 46
57 60
10 27
72 15
54 41
75 8
48 86
75 29
13 85
75 36
74 2
91 86
34 28
89 26
92 24
17 19
58 98
11 73
44 87
61 17
39 74
84 2
31 4
25 61
57 84
37 60
21 46
21 62
33 14
29 7
81 68
71 9
37 73
19 9
82 66
93 20
58 71
70 92
76 8
85 81
43 50
94 20
61 86
46 81
84 45
70 98
26 88
42 48
53 82
24 39
70 49
64 19
26 34
11 50
87 20
83 62
7 95
15 29
18 39
20 29
70 26
23 21
75 73
88 62
94 30
53 51
6 2
5 3
55 52
71 91
92 97
48 43
29 27
45 17
33 36
43 81
38 9
2 65
79 11
89 91
84 87
7 32
82 82
34 63
22 75
60 11
64 29
17 9
93 55
27 60
67 46
12 62
1 59
2 16
10 37
20 72
69 48
15 18
19 90
6 78
60 13
64 66
67 84
27 10
56 74
86 6
78 54
62 80
6 35
51 87
81 51
27 70
17 43
91 19
82 48
1 35
17 86
57 78
6 25
13 74
92 69
27 39
57 35
30 80
58 3
82 37
50 63
97 34
46 74
97 55
31 97
51 49
29 32
89 20
50 67
48 85
89 48
5 92
31 97
30 90
77 73
22 34
25 27
30 98
56 7
39 80
16 78
45 50
38 5
81 36
13 18
45 33
49 68
87 10
74 82
92 52
9 46
89 31
94 53
59 17
1 17
57 32
92 100
54 53
64 55
39 99
71 64
90 74
38 89
83 7
86 35
53 33
77 5
93 67
5 100
11 43
1 36
11 50
22 93
70 39
55 5
79 32
87 89
51 92
30 42
9 59
26 91
96 33
52 37
44 97
3 9
43 75
83 37
35 99
58 25
91 90
32 18
45 80
87 79
76 12
96 25
46 95
49 76
7 83
93 9
7 8
80 76
26 62
97 53
72 100
55 71
69 19
74 31
40 8
76 86
52 6
47 10
15 33
86 32
69 16
89 51
67 35
47 52
49 78
66 45
5 50
37 17
87 57
14 14
14 71
21 96
1 65
85 99
83 94
19 57
16 43
99 21
2 37
100 71
42 39
66 43
11 77
20 58
22 3
25 12
60 20
97 68
12 19
14 18
33 1
86 58
72 7
10 1
27 87
91 45
45 25
57 67
29 97
27 31
45 32
66 57
28 30
94 14
52 58
10 32
59 47
36 53
39 45
34 46
17 52
3 80
49 79
15 18
63 25
92 51
88 58
38 39
34 80
86 54
18 2
54 52
100 46
12 10
1 100
33 44
83 43
88 86
25 55
40 87
56 31
34 12
76 53
27 27
20 62
95 84
35 32
52 80
12 73
43 10
49 64
100 20
39 35
86 88
67 6
49 85
19 97
97 7
37 89
39 94
89 64
27 52
5 50
63 25
21 11
71 15
30 80
16 12
77 12
13 10
34 43
56 77
73 77
74 17
16 67
16 34
6 70
2 35
13 69
1 80
56 24
72 74
37 82
15 2
1 94
22 22
75 87
37 64
44 96
85 42
100 23
39 90
2 8
82 84
62 56
73 2
87 1
18 67
1 20
31 53
25 73
72 20
89 43
46 38
59 35
29 45
80 21
51 52
24 43
8 3
95 34
96 38
88 64
12 48
83 100
40 49
68 25
4 60
83 85
89 74
8 92
32 75
62 23
5 26
81 97
3 100
79 87
42 27
16 14
59 45
73 5
43 75
53 73
10 30
88 72
73 2
44 29
46 6
88 59
46 80
43 21
73 58
84 84
90 74
29 35
69 46
68 31
61 85
76 21
75 2
89 93
86 44
52 39
35 100
60 35
80 48
49 28
97 55
17 95
45 30
28 56
92 20
57 77
72 23
81 63
91 26
56 11
90 25
54 55
95 4
77 94
50 42
72 74
20 82
79 50
50 43
6 85
47 2
11 61
42 85
70 90
20 23
81 82
44 92
7 42
19 28
44 25
37 6
33 16
100 20
22 45
96 81
3 83
83 88
60 1
4 100
13 47
10 37
86 44
51 86
72 55
39 70
85 13
65 51
92 55
32 6
30 3
5 36
43 39
2 68
53 93
40 77
11 51
41 67
67 29
34 23
37 93
73 4
16 28
65 28
23 11
65 15
100 84
4 21
38 86
25 99
41 64
66 49
33 52
39 11
40 95
100 67
73 86
84 55
99 13
49 20
55 81
46 53
55 73
31 94
24 63
37 49
15 100
21 66
48 66
37 22
81 95
44 24
5 47
74 80
41 68
49 93
86 57
5 50
599 999
60 26
33 95
18 89
82 12
77 36
23 13
95 8
73 19
72 74
23 51
7 79
47 12
64 29
23 59
88 21
39 47
22 33
2 58
43 45
32 67
57 73
20 64
18 72
56 64
9 58
22 63
21 59
6 49
43 2
60 18
64 97
21 72
46 16
27 56
92 28
81 40
26 31
13 20
34 86
10 38
46 91
74 63
26 35
17 27
96 23
81 35
22 89
38 86
88 13
84 24
45 91
58 55
35 60
87 43
86 3
89 79
26 72
15 70
20 35
95 57
80 40
79 92
16 95
84 35
41 78
51 78
100 50
22 20
70 10
41 81
44 3
67 75
1 26
46 84
73 77
66 82
28 75
82 71
6 93
5 100
29 24
24 62
60 28
36 94
98 54
75 75
91 25
35 20
28 96
36 88
82 78
2 46
12 17
78 95
29 84
30 71
62 46
57 60
10 27
72 15
54 41
75 8
48 86
75 29
13 85
75 36
74 2
91 86
34 28
89 26
92 24
17 19
58 98
11 73
44 87
61 17
39 74
84 2
31 4
25 61
57 84
37 60
21 46
21 62
33 14
29 7
81 68
71 9
37 73
19 9
82 66
93 20
58 71
70 92
76 8
85 81
43 50
94 20
61 86
46 81
84 45
70 98
26 88
42 48
53 82
24 39
70 49
64 19
26 34
11 50
87 20
83 62
7 95
15 29
18 39
20 29
70 26
23 21
75 73
88 62
94 30
53 51
6 2
5 3
55 52
71 91
92 97
48 43
29 27
45 17
33 36
43 81
38 9
2 65
79 11
89 91
84 87
7 32
82 82
34 63
22 75
60 11
64 29
17 9
93 55
27 60
67 46
12 62
1 59
2 16
10 37
20 72
69 48
15 18
19 90
6 78
60 13
64 66
67 84
27 10
56 74
86 6
78 54
62 80
6 35
51 87
81 51
27 70
17 43
91 19
82 48
1 35
17 86
57 78
6 25
13 74
92 69
27 39
57 35
30 80
58 3
82 37
50 63
97 34
46 74
97 55
31 97
51 49
29 32
89 20
50 67
48 85
89 48
5 92
31 97
30 90
77 73
22 34
25 27
30 98
56 7
39 80
16 78
45 50
38 5
81 36
13 18
45 33
49 68
87 10
74 82
92 52
9 46
89 31
94 53
59 17
1 17
57 32
92 100
54 53
64 55
39 99
71 64
90 74
38 89
83 7
86 35
53 33
77 5
93 67
5 100
11 43
1 36
11 50
22 93
70 39
55 5
79 32
87 89
51 92
30 42
9 59
26 91
96 33
52 37
44 97
3 9
43 75
83 37
35 99
58 25
91 90
32 18
45 80
87 79
76 12
96 25
46 95
49 76
7 83
93 9
7 8
80 76
26 62
97 53
72 100
55 71
69 19
74 31
40 8
76 86
52 6
47 10
15 33
86 32
69 16
89 51
67 35
47 52
49 78
66 45
5 50
37 17
87 57
14 14
14 71
21 96
1 65
85 99
83 94
19 57
16 43
99 21
2 37
100 71
42 39
66 43
11 77
20 58
22 3
25 12
60 20
97 68
12 19
14 18
33 1
86 58
72 7
10 1
27 87
91 45
45 25
57 67
29 97
27 31
45 32
66 57
28 30
94 14
52 58
10 32
59 47
36 53
39 45
34 46
17 52
3 80
49 79
15 18
63 25
92 51
88 58
38 39
34 80
86 54
18 2
54 52
100 46
12 10
1 100
33 44
83 43
88 86
25 55
40 87
56 31
34 12
76 53
27 27
20 62
95 84
35 32
52 80
12 73
43 10
49 64
100 20
39 35
86 88
67 6
49 85
19 97
97 7
37 89
39 94
89 64
27 52
5 50
63 25
21 11
71 15
30 80
16 12
77 12
13 10
34 43
56 77
73 77
74 17
16 67
16 34
6 70
2 35
13 69
1 80
56 24
72 74
37 82
15 2
1 94
22 22
75 87
37 64
44 96
85 42
100 23
39 90
2 8
82 84
62 56
73 2
87 1
18 67
1 20
31 53
25 73
72 20
89 43
46 38
59 35
29 45
80 21
51 52
24 43
8 3
95 34
96 38
88 64
12 48
83 100
40 49
68 25
4 60
83 85
89 74
8 92
32 75
62 23
5 26
81 97
3 100
79 87
42 27
16 14
59 45
73 5
43 75
53 73
10 30
88 72
73 2
44 29
46 6
88 59
46 80
43 21
73 58
84 84
90 74
29 35
69 46
68 31
61 85
76 21
75 2
89 93
86 44
52 39
35 100
60 35
80 48
49 28
97 55
17 95
45 30
28 56
92 20
57 77
72 23
81 63
91 26
56 11
90 25
54 55
95 4
77 94
50 42
72 74
20 82
79 50
50 43
6 85
47 2
11 61
42 85
70 90
20 23
81 82
44 92
7 42
19 28
44 25
37 6
33 16
100 20
22 45
96 81
3 83
83 88
60 1
4 100
13 47
10 37
86 44
51 86
72 55
39 70
85 13
65 51
92 55
32 6
30 3
5 36
43 39
2 68
53 93
40 77
11 51
41 67
67 29
34 23
37 93
73 4
16 28
65 28
23 11
65 15
100 84
4 21
38 86
25 99
41 64
66 49
33 52
39 11
40 95
100 67
73 86
84 55
99 13
49 20
55 81
46 53
55 73
31 94
24 63
37 49
15 100
21 66
48 66
37 22
81 95
44 24
5 47
74 80
41 68
49 93
86 57
5 50
799 199
67 75
59 6
1 61
26 90
100 98
63 78
40 50
13 75
52 3
63 63
10 1
9 22
77 15
22 37
4 9
89 73
34 100
12 91
75 47
64 88
24 98
66 53
3 17
37 8
3 15
76 69
82 3
74 39
67 51
43 21
39 16
70 49
100 69
57 64
73 61
32 21
61 97
31 34
50 22
35 60
14 85
3 17
43 30
22 84
100 74
69 58
80 24
43 5
4 50
75 68
99 88
29 83
72 18
17 40
33 7
51 63
24 100
50 68
15 87
16 69
40 97
73 100
64 63
50 18
47 93
46 43
82 2
89 41
65 22
65 35
87 87
58 32
70 16
86 16
8 83
38 33
23 94
89 94
95 53
10 79
52 83
37 32
98 75
9 38
17 88
1 22
54 63
79 10
78 8
12 88
20 48
27 38
59 55
74 33
52 57
74 92
97 14
35 94
5 91
51 20
51 89
46 57
93 1
19 62
82 82
28 36
99 12
6 50
95 5
3 51
80 92
12 95
78 37
38 4
100 41
33 30
33 58
92 44
91 19
18 30
90 39
92 19
84 1
50 70
82 98
73 45
42 18
75 58
40 4
50 76
1 94
2 100
40 94
77 5
66 53
55 59
43 59
11 17
62 90
49 31
60 57
24 48
30 22
90 66
31 81
86 68
76 32
11 26
99 9
69 79
93 97
66 81
7 39
85 67
87 37
75 62
80 55
1 87
32 37
19 29
13 20
39 95
26 17
38 53
86 93
60 17
69 1
59 43
83 87
13 64
66 66
98 80
98 100
2 44
67 68
2 58
30 100
14 50
92 20
63 78
38 77
77 7
83 49
17 31
88 11
53 16
68 31
23 21
7 89
79 1
36 93
17 45
19 79
95 74
19 63
92 89
63 89
67 100
47 63
59 37
5 16
88 77
41 33
98 3
99 58
1 58
10 22
73 69
47 17
20 96
26 59
50 6
81 46
55 82
99 28
64 75
97 2
45 13
59 48
3 5
70 39
70 7
58 13
21 82
56 38
40 21
94 43
4 14
42 74
92 25
57 61
58 85
41 28
29 32
45 22
71 7
25 15
37 61
70 53
3 62
95 61
44 62
69 20
64 6
42 18
79 81
86 34
25 100
1 7
38 11
38 51
83 23
37 17
3 29
14 46
17 23
81 20
21 95
39 86
81 33
59 86
34 15
77 32
14 75
35 3
86 31
47 24
87 48
87 21
51 93
86 20
2 65
19 63
100 78
100 77
90 41
31 4
8 98
7 62
88 36
40 53
20 56
44 9
83 11
72 79
62 64
81 27
24 4
17 17
75 53
51 74
79 26
33 36
9 32
51 8
13 40
94 88
14 40
12 23
97 35
40 24
100 40
9 40
58 63
22 42
83 33
55 60
92 89
20 69
83 46
65 60
71 2
94 98
27 73
74 67
81 53
31 88
54 55
19 67
94 54
80 23
24 34
93 15
85 96
71 70
46 36
12 56
25 30
6 53
42 97
22 42
1 37
53 98
72 90
89 36
42 61
45 13
27 78
35 87
14 11
81 22
74 25
16 42
69 15
22 48
27 9
60 70
65 87
95 98
18 85
96 54
15 28
49 81
28 16
62 52
88 84
5 76
78 93
17 83
57 54
74 16
4 63
35 77
78 15
23 37
27 85
84 57
59 15
44 7
54 59
56 55
14 2
81 61
98 23
70 67
59 82
33 89
37 69
26 91
66 55
65 29
90 2
35 16
40 65
59 37
33 72
23 32
75 18
39 83
10 67
43 51
79 50
2 81
60 47
74 11
94 25
57 83
67 93
12 25
36 2
5 6
47 15
50 49
99 43
2 90
78 67
15 20
69 44
79 36
26 3
87 82
50 40
19 80
18 12
62 97
88 30
37 1
74 5
27 41
45 13
35 5
26 87
81 18
23 2
14 22
47 6
69 55
83 57
95 55
50 41
45 62
18 20
89 78
21 96
18 73
10 46
37 4
47 70
91 47
11 74
63 57
83 56
56 54
29 94
35 32
29 85
55 87
79 75
97 91
49 20
7 29
75 36
64 72
17 50
74 31
57 97
65 28
64 95
78 62
93 93
18 2
15 32
13 64
69 69
86 13
84 29
84 36
76 77
24 7
52 67
66 100
56 83
96 88
97 66
100 61
85 24
22 84
14 60
63 29
29 69
53 68
80 56
35 68
8 93
38 64
47 70
39 78
47 26
70 100
10 83
58 73
56 15
86 13
27 91
15 99
78 92
29 55
64 55
100 34
64 18
54 61
77 78
50 14
71 40
39 60
60 68
69 52
42 49
55 4
34 38
12 82
74 55
43 74
74 59
47 33
21 69
20 11
24 7
38 23
31 78
3 5
99 34
85 85
26 20
73 97
31 25
21 77
21 16
14 73
11 86
88 23
66 88
9 82
11 35
3 4
65 91
65 4
50 93
28 5
84 15
23 73
28 8
88 24
88 87
26 46
18 83
61 4
4 34
41 73
31 25
78 23
61 59
29 77
51 75
44 49
73 95
5 46
11 97
92 92
31 5
23 81
44 79
39 57
28 6
58 34
80 44
13 54
51 95
51 81
29 15
53 97
86 97
81 25
69 51
12 75
24 40
72 9
54 98
46 100
68 40
74 21
55 4
97 45
100 54
31 37
16 79
20 74
16 62
95 52
14 35
21 32
100 81
100 93
59 54
41 95
78 34
46 23
46 69
49 34
66 1
70 78
83 79
96 93
35 9
4 63
28 92
69 64
89 92
98 78
74 47
39 83
99 52
10 58
49 22
61 1
49 14
97 4
79 61
14 23
20 24
11 10
53 73
14 22
55 7
43 44
32 88
62 14
46 47
68 73
37 65
88 6
75 67
75 30
34 86
58 90
87 56
47 35
68 74
86 37
85 20
45 78
2 10
75 57
80 14
2 96
8 3
19 5
4 92
24 29
87 33
11 30
10 53
95 57
54 94
100 31
40 92
69 74
71 64
27 25
48 82
16 58
11 26
56 97
22 58
67 58
70 4
65 88
39 31
18 91
78 71
98 36
13 84
35 36
46 52
54 12
50 48
29 99
100 5
28 72
73 90
73 6
59 40
13 5
79 24
12 37
26 61
1 81
38 43
43 63
37 43
59 93
71 55
60 73
45 53
100 80
61 31
40 59
38 81
13 23
75 75
16 13
14 17
6 67
83 72
75 33
53 36
86 82
66 71
77 71
87 81
75 93
6 56
70 6
81 100
95 54
30 15
62 7
6 34
20 42
87 59
5 35
6 6
73 12
3 82
2 16
9 75
17 41
83 18
75 3
46 85
91 87
56 73
56 45
95 62
58 88
73 88
100 96
53 19
74 48
18 92
52 6
37 26
2 7
98 53
41 8
54 48
83 27
18 56
24 45
50 58
6 15
14 30
69 5
15 83
43 8
77 35
53 1
9 56
53 16
33 81
47 98
33 81
20 9
98 47
90 3
96 3
62 62
29 80
21 77
82 13
20 24
49 55
87 3
3 42
30 81
92 3
94 28
85 67
36 28
3 69
52 90
85 60
54 22
83 100
53 88
78 24
92 28
28 65
89 90
95 31
99 71
20 94
42 33
16 92
1 62
69 25
55 31
70 41
11 11
799 399
67 75
59 6
1 61
26 90
100 98
63 78
40 50
13 75
52 3
63 63
10 1
9 22
77 15
22 37
4 9
89 73
34 100
12 91
75 47
64 88
24 98
66 53
3 17
37 8
3 15
76 69
82 3
74 39
67 51
43 21
39 16
70 49
100 69
57 64
73 61
32 21
61 97
31 34
50 22
35 60
14 85
3 17
43 30
22 84
100 74
69 58
80 24
43 5
4 50
75 68
99 88
29 83
72 18
17 40
33 7
51 63
24 100
50 68
15 87
16 69
40 97
73 100
64 63
50 18
47 93
46 43
82 2
89 41
65 22
65 35
87 87
58 32
70 16
86 16
8 83
38 33
23 94
89 94
95 53
10 79
52 83
37 32
98 75
9 38
17 88
1 22
54 63
79 10
78 8
12 88
20 48
27 38
59 55
74 33
52 57
74 92
97 14
35 94
5 91
51 20
51 89
46 57
93 1
19 62
82 82
28 36
99 12
6 50
95 5
3 51
80 92
12 95
78 37
38 4
100 41
33 30
33 58
92 44
91 19
18 30
90 39
92 19
84 1
50 70
82 98
73 45
42 18
75 58
40 4
50 76
1 94
2 100
40 94
77 5
66 53
55 59
43 59
11 17
62 90
49 31
60 57
24 48
30 22
90 66
31 81
86 68
76 32
11 26
99 9
69 79
93 97
66 81
7 39
85 67
87 37
75 62
80 55
1 87
32 37
19 29
13 20
39 95
26 17
38 53
86 93
60 17
69 1
59 43
83 87
13 64
66 66
98 80
98 100
2 44
67 68
2 58
30 100
14 50
92 20
63 78
38 77
77 7
83 49
17 31
88 11
53 16
68 31
23 21
7 89
79 1
36 93
17 45
19 79
95 74
19 63
92 89
63 89
67 100
47 63
59 37
5 16
88 77
41 33
98 3
99 58
1 58
10 22
73 69
47 17
20 96
26 59
50 6
81 46
55 82
99 28
64 75
97 2
45 13
59 48
3 5
70 39
70 7
58 13
21 82
56 38
40 21
94 43
4 14
42 74
92 25
57 61
58 85
41 28
29 32
45 22
71 7
25 15
37 61
70 53
3 62
95 61
44 62
69 20
64 6
42 18
79 81
86 34
25 100
1 7
38 11
38 51
83 23
37 17
3 29
14 46
17 23
81 20
21 95
39 86
81 33
59 86
34 15
77 32
14 75
35 3
86 31
47 24
87 48
87 21
51 93
86 20
2 65
19 63
100 78
100 77
90 41
31 4
8 98
7 62
88 36
40 53
20 56
44 9
83 11
72 79
62 64
81 27
24 4
17 17
75 53
51 74
79 26
33 36
9 32
51 8
13 40
94 88
14 40
12 23
97 35
40 24
100 40
9 40
58 63
22 42
83 33
55 60
92 89
20 69
83 46
65 60
71 2
94 98
27 73
74 67
81 53
31 88
54 55
19 67
94 54
80 23
24 34
93 15
85 96
71 70
46 36
12 56
25 30
6 53
42 97
22 42
1 37
53 98
72 90
89 36
42 61
45 13
27 78
35 87
14 11
81 22
74 25
16 42
69 15
22 48
27 9
60 70
65 87
95 98
18 85
96 54
15 28
49 81
28 16
62 52
88 84
5 76
78 93
17 83
57 54
74 16
4 63
35 77
78 15
23 37
27 85
84 57
59 15
44 7
54 59
56 55
14 2
81 61
98 23
70 67
59 82
33 89
37 69
26 91
66 55
65 29
90 2
35 16
40 65
59 37
33 72
23 32
75 18
39 83
10 67
43 51
79 50
2 81
60 47
74 11
94 25
57 83
67 93
12 25
36 2
5 6
47 15
50 49
99 43
2 90
78 67
15 20
69 44
79 36
26 3
87 82
50 40
19 80
18 12
62 97
88 30
37 1
74 5
27 41
45 13
35 5
26 87
81 18
23 2
14 22
47 6
69 55
83 57
95 55
50 41
45 62
18 20
89 78
21 96
18 73
10 46
37 4
47 70
91 47
11 74
63 57
83 56
56 54
29 94
35 32
29 85
55 87
79 75
97 91
49 20
7 29
75 36
64 72
17 50
74 31
57 97
65 28
64 95
78 62
93 93
18 2
15 32
13 64
69 69
86 13
84 29
84 36
76 77
24 7
52 67
66 100
56 83
96 88
97 66
100 61
85 24
22 84
14 60
63 29
29 69
53 68
80 56
35 68
8 93
38 64
47 70
39 78
47 26
70 100
10 83
58 73
56 15
86 13
27 91
15 99
78 92
29 55
64 55
100 34
64 18
54 61
77 78
50 14
71 40
39 60
60 68
69 52
42 49
55 4
34 38
12 82
74 55
43 74
74 59
47 33
21 69
20 11
24 7
38 23
31 78
3 5
99 34
85 85
26 20
73 97
31 25
21 77
21 16
14 73
11 86
88 23
66 88
9 82
11 35
3 4
65 91
65 4
50 93
28 5
84 15
23 73
28 8
88 24
88 87
26 46
18 83
61 4
4 34
41 73
31 25
78 23
61 59
29 77
51 75
44 49
73 95
5 46
11 97
92 92
31 5
23 81
44 79
39 57
28 6
58 34
80 44
13 54
51 95
51 81
29 15
53 97
86 97
81 25
69 51
12 75
24 40
72 9
54 98
46 100
68 40
74 21
55 4
97 45
100 54
31 37
16 79
20 74
16 62
95 52
14 35
21 32
100 81
100 93
59 54
41 95
78 34
46 23
46 69
49 34
66 1
70 78
83 79
96 93
35 9
4 63
28 92
69 64
89 92
98 78
74 47
39 83
99 52
10 58
49 22
61 1
49 14
97 4
79 61
14 23
20 24
11 10
53 73
14 22
55 7
43 44
32 88
62 14
46 47
68 73
37 65
88 6
75 67
75 30
34 86
58 90
87 56
47 35
68 74
86 37
85 20
45 78
2 10
75 57
80 14
2 96
8 3
19 5
4 92
24 29
87 33
11 30
10 53
95 57
54 94
100 31
40 92
69 74
71 64
27 25
48 82
16 58
11 26
56 97
22 58
67 58
70 4
65 88
39 31
18 91
78 71
98 36
13 84
35 36
46 52
54 12
50 48
29 99
100 5
28 72
73 90
73 6
59 40
13 5
79 24
12 37
26 61
1 81
38 43
43 63
37 43
59 93
71 55
60 73
45 53
100 80
61 31
40 59
38 81
13 23
75 75
16 13
14 17
6 67
83 72
75 33
53 36
86 82
66 71
77 71
87 81
75 93
6 56
70 6
81 100
95 54
30 15
62 7
6 34
20 42
87 59
5 35
6 6
73 12
3 82
2 16
9 75
17 41
83 18
75 3
46 85
91 87
56 73
56 45
95 62
58 88
73 88
100 96
53 19
74 48
18 92
52 6
37 26
2 7
98 53
41 8
54 48
83 27
18 56
24 45
50 58
6 15
14 30
69 5
15 83
43 8
77 35
53 1
9 56
53 16
33 81
47 98
33 81
20 9
98 47
90 3
96 3
62 62
29 80
21 77
82 13
20 24
49 55
87 3
3 42
30 81
92 3
94 28
85 67
36 28
3 69
52 90
85 60
54 22
83 100
53 88
78 24
92 28
28 65
89 90
95 31
99 71
20 94
42 33
16 92
1 62
69 25
55 31
70 41
11 11
799 599
67 75
59 6
1 61
26 90
100 98
63 78
40 50
13 75
52 3
63 63
10 1
9 22
77 15
22 37
4 9
89 73
34 100
12 91
75 47
64 88
24 98
66 53
3 17
37 8
3 15
76 69
82 3
74 39
67 51
43 21
39 16
70 49
100 69
57 64
73 61
32 21
61 97
31 34
50 22
35 60
14 85
3 17
43 30
22 84
100 74
69 58
80 24
43 5
4 50
75 68
99 88
29 83
72 18
17 40
33 7
51 63
24 100
50 68
15 87
16 69
40 97
73 100
64 63
50 18
47 93
46 43
82 2
89 41
65 22
65 35
87 87
58 32
70 16
86 16
8 83
38 33
23 94
89 94
95 53
10 79
52 83
37 32
98 75
9 38
17 88
1 22
54 63
79 10
78 8
12 88
20 48
27 38
59 55
74 33
52 57
74 92
97 14
35 94
5 91
51 20
51 89
46 57
93 1
19 62
82 82
28 36
99 12
6 50
95 5
3 51
80 92
12 95
78 37
38 4
100 41
33 30
33 58
92 44
91 19
18 30
90 39
92 19
84 1
50 70
82 98
73 45
42 18
75 58
40 4
50 76
1 94
2 100
40 94
77 5
66 53
55 59
43 59
11 17
62 90
49 31
60 57
24 48
30 22
90 66
31 81
86 68
76 32
11 26
99 9
69 79
93 97
66 81
7 39
85 67
87 37
75 62
80 55
1 87
32 37
19 29
13 20
39 95
26 17
38 53
86 93
60 17
69 1
59 43
83 87
13 64
66 66
98 80
98 100
2 44
67 68
2 58
30 100
14 50
92 20
63 78
38 77
77 7
83 49
17 31
88 11
53 16
68 31
23 21
7 89
79 1
36 93
17 45
19 79
95 74
19 63
92 89
63 89
67 100
47 63
59 37
5 16
88 77
41 33
98 3
99 58
1 58
10 22
73 69
47 17
20 96
26 59
50 6
81 46
55 82
99 28
64 75
97 2
45 13
59 48
3 5
70 39
70 7
58 13
21 82
56 38
40 21
94 43
4 14
42 74
92 25
57 61
58 85
41 28
29 32
45 22
71 7
25 15
37 61
70 53
3 62
95 61
44 62
69 20
64 6
42 18
79 81
86 34
25 100
1 7
38 11
38 51
83 23
37 17
3 29
14 46
17 23
81 20
21 95
39 86
81 33
59 86
34 15
77 32
14 75
35 3
86 31
47 24
87 48
87 21
51 93
86 20
2 65
19 63
100 78
100 77
90 41
31 4
8 98
7 62
88 36
40 53
20 56
44 9
83 11
72 79
62 64
81 27
24 4
17 17
75 53
51 74
79 26
33 36
9 32
51 8
13 40
94 88
14 40
12 23
97 35
40 24
100 40
9 40
58 63
22 42
83 33
55 60
92 89
20 69
83 46
65 60
71 2
94 98
27 73
74 67
81 53
31 88
54 55
19 67
94 54
80 23
24 34
93 15
85 96
71 70
46 36
12 56
25 30
6 53
42 97
22 42
1 37
53 98
72 90
89 36
42 61
45 13
27 78
35 87
14 11
81 22
74 25
16 42
69 15
22 48
27 9
60 70
65 87
95 98
18 85
96 54
15 28
49 81
28 16
62 52
88 84
5 76
78 93
17 83
57 54
74 16
4 63
35 77
78 15
23 37
27 85
84 57
59 15
44 7
54 59
56 55
14 2
81 61
98 23
70 67
59 82
33 89
37 69
26 91
66 55
65 29
90 2
35 16
40 65
59 37
33 72
23 32
75 18
39 83
10 67
43 51
79 50
2 81
60 47
74 11
94 25
57 83
67 93
12 25
36 2
5 6
47 15
50 49
99 43
2 90
78 67
15 20
69 44
79 36
26 3
87 82
50 40
19 80
18 12
62 97
88 30
37 1
74 5
27 41
45 13
35 5
26 87
81 18
23 2
14 22
47 6
69 55
83 57
95 55
50 41
45 62
18 20
89 78
21 96
18 73
10 46
37 4
47 70
91 47
11 74
63 57
83 56
56 54
29 94
35 32
29 85
55 87
79 75
97 91
49 20
7 29
75 36
64 72
17 50
74 31
57 97
65 28
64 95
78 62
93 93
18 2
15 32
13 64
69 69
86 13
84 29
84 36
76 77
24 7
52 67
66 100
56 83
96 88
97 66
100 61
85 24
22 84
14 60
63 29
29 69
53 68
80 56
35 68
8 93
38 64
47 70
39 78
47 26
70 100
10 83
58 73
56 15
86 13
27 91
15 99
78 92
29 55
64 55
100 34
64 18
54 61
77 78
50 14
71 40
39 60
60 68
69 52
42 49
55 4
34 38
12 82
74 55
43 74
74 59
47 33
21 69
20 11
24 7
38 23
31 78
3 5
99 34
85 85
26 20
73 97
31 25
21 77
21 16
14 73
11 86
88 23
66 88
9 82
11 35
3 4
65 91
65 4
50 93
28 5
84 15
23 73
28 8
88 24
88 87
26 46
18 83
61 4
4 34
41 73
31 25
78 23
61 59
29 77
51 75
44 49
73 95
5 46
11 97
92 92
31 5
23 81
44 79
39 57
28 6
58 34
80 44
13 54
51 95
51 81
29 15
53 97
86 97
81 25
69 51
12 75
24 40
72 9
54 98
46 100
68 40
74 21
55 4
97 45
100 54
31 37
16 79
20 74
16 62
95 52
14 35
21 32
100 81
100 93
59 54
41 95
78 34
46 23
46 69
49 34
66 1
70 78
83 79
96 93
35 9
4 63
28 92
69 64
89 92
98 78
74 47
39 83
99 52
10 58
49 22
61 1
49 14
97 4
79 61
14 23
20 24
11 10
53 73
14 22
55 7
43 44
32 88
62 14
46 47
68 73
37 65
88 6
75 67
75 30
34 86
58 90
87 56
47 35
68 74
86 37
85 20
45 78
2 10
75 57
80 14
2 96
8 3
19 5
4 92
24 29
87 33
11 30
10 53
95 57
54 94
100 31
40 92
69 74
71 64
27 25
48 82
16 58
11 26
56 97
22 58
67 58
70 4
65 88
39 31
18 91
78 71
98 36
13 84
35 36
46 52
54 12
50 48
29 99
100 5
28 72
73 90
73 6
59 40
13 5
79 24
12 37
26 61
1 81
38 43
43 63
37 43
59 93
71 55
60 73
45 53
100 80
61 31
40 59
38 81
13 23
75 75
16 13
14 17
6 67
83 72
75 33
53 36
86 82
66 71
77 71
87 81
75 93
6 56
70 6
81 100
95 54
30 15
62 7
6 34
20 42
87 59
5 35
6 6
73 12
3 82
2 16
9 75
17 41
83 18
75 3
46 85
91 87
56 73
56 45
95 62
58 88
73 88
100 96
53 19
74 48
18 92
52 6
37 26
2 7
98 53
41 8
54 48
83 27
18 56
24 45
50 58
6 15
14 30
69 5
15 83
43 8
77 35
53 1
9 56
53 16
33 81
47 98
33 81
20 9
98 47
90 3
96 3
62 62
29 80
21 77
82 13
20 24
49 55
87 3
3 42
30 81
92 3
94 28
85 67
36 28
3 69
52 90
85 60
54 22
83 100
53 88
78 24
92 28
28 65
89 90
95 31
99 71
20 94
42 33
16 92
1 62
69 25
55 31
70 41
11 11
799 799
67 75
59 6
1 61
26 90
100 98
63 78
40 50
13 75
52 3
63 63
10 1
9 22
77 15
22 37
4 9
89 73
34 100
12 91
75 47
64 88
24 98
66 53
3 17
37 8
3 15
76 69
82 3
74 39
67 51
43 21
39 16
70 49
100 69
57 64
73 61
32 21
61 97
31 34
50 22
35 60
14 85
3 17
43 30
22 84
100 74
69 58
80 24
43 5
4 50
75 68
99 88
29 83
72 18
17 40
33 7
51 63
24 100
50 68
15 87
16 69
40 97
73 100
64 63
50 18
47 93
46 43
82 2
89 41
65 22
65 35
87 87
58 32
70 16
86 16
8 83
38 33
23 94
89 94
95 53
10 79
52 83
37 32
98 75
9 38
17 88
1 22
54 63
79 10
78 8
12 88
20 48
27 38
59 55
74 33
52 57
74 92
97 14
35 94
5 91
51 20
51 89
46 57
93 1
19 62
82 82
28 36
99 12
6 50
95 5
3 51
80 92
12 95
78 37
38 4
100 41
33 30
33 58
92 44
91 19
18 30
90 39
92 19
84 1
50 70
82 98
73 45
42 18
75 58
40 4
50 76
1 94
2 100
40 94
77 5
66 53
55 59
43 59
11 17
62 90
49 31
60 57
24 48
30 22
90 66
31 81
86 68
76 32
11 26
99 9
69 79
93 97
66 81
7 39
85 67
87 37
75 62
80 55
1 87
32 37
19 29
13 20
39 95
26 17
38 53
86 93
60 17
69 1
59 43
83 87
13 64
66 66
98 80
98 100
2 44
67 68
2 58
30 100
14 50
92 20
63 78
38 77
77 7
83 49
17 31
88 11
53 16
68 31
23 21
7 89
79 1
36 93
17 45
19 79
95 74
19 63
92 89
63 89
67 100
47 63
59 37
5 16
88 77
41 33
98 3
99 58
1 58
10 22
73 69
47 17
20 96
26 59
50 6
81 46
55 82
99 28
64 75
97 2
45 13
59 48
3 5
70 39
70 7
58 13
21 82
56 38
40 21
94 43
4 14
42 74
92 25
57 61
58 85
41 28
29 32
45 22
71 7
25 15
37 61
70 53
3 62
95 61
44 62
69 20
64 6
42 18
79 81
86 34
25 100
1 7
38 11
38 51
83 23
37 17
3 29
14 46
17 23
81 20
21 95
39 86
81 33
59 86
34 15
77 32
14 75
35 3
86 31
47 24
87 48
87 21
51 93
86 20
2 65
19 63
100 78
100 77
90 41
31 4
8 98
7 62
88 36
40 53
20 56
44 9
83 11
72 79
62 64
81 27
24 4
17 17
75 53
51 74
79 26
33 36
9 32
51 8
13 40
94 88
14 40
12 23
97 35
40 24
100 40
9 40
58 63
22 42
83 33
55 60
92 89
20 69
83 46
65 60
71 2
94 98
27 73
74 67
81 53
31 88
54 55
19 67
94 54
80 23
24 34
93 15
85 96
71 70
46 36
12 56
25 30
6 53
42 97
22 42
1 37
53 98
72 90
89 36
42 61
45 13
27 78
35 87
14 11
81 22
74 25
16 42
69 15
22 48
27 9
60 70
65 87
95 98
18 85
96 54
15 28
49 81
28 16
62 52
88 84
5 76
78 93
17 83
57 54
74 16
4 63
35 77
78 15
23 37
27 85
84 57
59 15
44 7
54 59
56 55
14 2
81 61
98 23
70 67
59 82
33 89
37 69
26 91
66 55
65 29
90 2
35 16
40 65
59 37
33 72
23 32
75 18
39 83
10 67
43 51
79 50
2 81
60 47
74 11
94 25
57 83
67 93
12 25
36 2
5 6
47 15
50 49
99 43
2 90
78 67
15 20
69 44
79 36
26 3
87 82
50 40
19 80
18 12
62 97
88 30
37 1
74 5
27 41
45 13
35 5
26 87
81 18
23 2
14 22
47 6
69 55
83 57
95 55
50 41
45 62
18 20
89 78
21 96
18 73
10 46
37 4
47 70
91 47
11 74
63 57
83 56
56 54
29 94
35 32
29 85
55 87
79 75
97 91
49 20
7 29
75 36
64 72
17 50
74 31
57 97
65 28
64 95
78 62
93 93
18 2
15 32
13 64
69 69
86 13
84 29
84 36
76 77
24 7
52 67
66 100
56 83
96 88
97 66
100 61
85 24
22 84
14 60
63 29
29 69
53 68
80 56
35 68
8 93
38 64
47 70
39 78
47 26
70 100
10 83
58 73
56 15
86 13
27 91
15 99
78 92
29 55
64 55
100 34
64 18
54 61
77 78
50 14
71 40
39 60
60 68
69 52
42 49
55 4
34 38
12 82
74 55
43 74
74 59
47 33
21 69
20 11
24 7
38 23
31 78
3 5
99 34
85 85
26 20
73 97
31 25
21 77
21 16
14 73
11 86
88 23
66 88
9 82
11 35
3 4
65 91
65 4
50 93
28 5
84 15
23 73
28 8
88 24
88 87
26 46
18 83
61 4
4 34
41 73
31 25
78 23
61 59
29 77
51 75
44 49
73 95
5 46
11 97
92 92
31 5
23 81
44 79
39 57
28 6
58 34
80 44
13 54
51 95
51 81
29 15
53 97
86 97
81 25
69 51
12 75
24 40
72 9
54 98
46 100
68 40
74 21
55 4
97 45
100 54
31 37
16 79
20 74
16 62
95 52
14 35
21 32
100 81
100 93
59 54
41 95
78 34
46 23
46 69
49 34
66 1
70 78
83 79
96 93
35 9
4 63
28 92
69 64
89 92
98 78
74 47
39 83
99 52
10 58
49 22
61 1
49 14
97 4
79 61
14 23
20 24
11 10
53 73
14 22
55 7
43 44
32 88
62 14
46 47
68 73
37 65
88 6
75 67
75 30
34 86
58 90
87 56
47 35
68 74
86 37
85 20
45 78
2 10
75 57
80 14
2 96
8 3
19 5
4 92
24 29
87 33
11 30
10 53
95 57
54 94
100 31
40 92
69 74
71 64
27 25
48 82
16 58
11 26
56 97
22 58
67 58
70 4
65 88
39 31
18 91
78 71
98 36
13 84
35 36
46 52
54 12
50 48
29 99
100 5
28 72
73 90
73 6
59 40
13 5
79 24
12 37
26 61
1 81
38 43
43 63
37 43
59 93
71 55
60 73
45 53
100 80
61 31
40 59
38 81
13 23
75 75
16 13
14 17
6 67
83 72
75 33
53 36
86 82
66 71
77 71
87 81
75 93
6 56
70 6
81 100
95 54
30 15
62 7
6 34
20 42
87 59
5 35
6 6
73 12
3 82
2 16
9 75
17 41
83 18
75 3
46 85
91 87
56 73
56 45
95 62
58 88
73 88
100 96
53 19
74 48
18 92
52 6
37 26
2 7
98 53
41 8
54 48
83 27
18 56
24 45
50 58
6 15
14 30
69 5
15 83
43 8
77 35
53 1
9 56
53 16
33 81
47 98
33 81
20 9
98 47
90 3
96 3
62 62
29 80
21 77
82 13
20 24
49 55
87 3
3 42
30 81
92 3
94 28
85 67
36 28
3 69
52 90
85 60
54 22
83 100
53 88
78 24
92 28
28 65
89 90
95 31
99 71
20 94
42 33
16 92
1 62
69 25
55 31
70 41
11 11
799 999
67 75
59 6
1 61
26 90
100 98
63 78
40 50
13 75
52 3
63 63
10 1
9 22
77 15
22 37
4 9
89 73
34 100
12 91
75 47
64 88
24 98
66 53
3 17
37 8
3 15
76 69
82 3
74 39
67 51
43 21
39 16
70 49
100 69
57 64
73 61
32 21
61 97
31 34
50 22
35 60
14 85
3 17
43 30
22 84
100 74
69 58
80 24
43 5
4 50
75 68
99 88
29 83
72 18
17 40
33 7
51 63
24 100
50 68
15 87
16 69
40 97
73 100
64 63
50 18
47 93
46 43
82 2
89 41
65 22
65 35
87 87
58 32
70 16
86 16
8 83
38 33
23 94
89 94
95 53
10 79
52 83
37 32
98 75
9 38
17 88
1 22
54 63
79 10
78 8
12 88
20 48
27 38
59 55
74 33
52 57
74 92
97 14
35 94
5 91
51 20
51 89
46 57
93 1
19 62
82 82
28 36
99 12
6 50
95 5
3 51
80 92
12 95
78 37
38 4
100 41
33 30
33 58
92 44
91 19
18 30
90 39
92 19
84 1
50 70
82 98
73 45
42 18
75 58
40 4
50 76
1 94
2 100
40 94
77 5
66 53
55 59
43 59
11 17
62 90
49 31
60 57
24 48
30 22
90 66
31 81
86 68
76 32
11 26
99 9
69 79
93 97
66 81
7 39
85 67
87 37
75 62
80 55
1 87
32 37
19 29
13 20
39 95
26 17
38 53
86 93
60 17
69 1
59 43
83 87
13 64
66 66
98 80
98 100
2 44
67 68
2 58
30 100
14 50
92 20
63 78
38 77
77 7
83 49
17 31
88 11
53 16
68 31
23 21
7 89
79 1
36 93
17 45
19 79
95 74
19 63
92 89
63 89
67 100
47 63
59 37
5 16
88 77
41 33
98 3
99 58
1 58
10 22
73 69
47 17
20 96
26 59
50 6
81 46
55 82
99 28
64 75
97 2
45 13
59 48
3 5
70 39
70 7
58 13
21 82
56 38
40 21
94 43
4 14
42 74
92 25
57 61
58 85
41 28
29 32
45 22
71 7
25 15
37 61
70 53
3 62
95 61
44 62
69 20
64 6
42 18
79 81
86 34
25 100
1 7
38 11
38 51
83 23
37 17
3 29
14 46
17 23
81 20
21 95
39 86
81 33
59 86
34 15
77 32
14 75
35 3
86 31
47 24
87 48
87 21
51 93
86 20
2 65
19 63
100 78
100 77
90 41
31 4
8 98
7 62
88 36
40 53
20 56
44 9
83 11
72 79
62 64
81 27
24 4
17 17
75 53
51 74
79 26
33 36
9 32
51 8
13 40
94 88
14 40
12 23
97 35
40 24
100 40
9 40
58 63
22 42
83 33
55 60
92 89
20 69
83 46
65 60
71 2
94 98
27 73
74 67
81 53
31 88
54 55
19 67
94 54
80 23
24 34
93 15
85 96
71 70
46 36
12 56
25 30
6 53
42 97
22 42
1 37
53 98
72 90
89 36
42 61
45 13
27 78
35 87
14 11
81 22
74 25
16 42
69 15
22 48
27 9
60 70
65 87
95 98
18 85
96 54
15 28
49 81
28 16
62 52
88 84
5 76
78 93
17 83
57 54
74 16
4 63
35 77
78 15
23 37
27 85
84 57
59 15
44 7
54 59
56 55
14 2
81 61
98 23
70 67
59 82
33 89
37 69
26 91
66 55
65 29
90 2
35 16
40 65
59 37
33 72
23 32
75 18
39 83
10 67
43 51
79 50
2 81
60 47
74 11
94 25
57 83
67 93
12 25
36 2
5 6
47 15
50 49
99 43
2 90
78 67
15 20
69 44
79 36
26 3
87 82
50 40
19 80
18 12
62 97
88 30
37 1
74 5
27 41
45 13
35 5
26 87
81 18
23 2
14 22
47 6
69 55
83 57
95 55
50 41
45 62
18 20
89 78
21 96
18 73
10 46
37 4
47 70
91 47
11 74
63 57
83 56
56 54
29 94
35 32
29 85
55 87
79 75
97 91
49 20
7 29
75 36
64 72
17 50
74 31
57 97
65 28
64 95
78 62
93 93
18 2
15 32
13 64
69 69
86 13
84 29
84 36
76 77
24 7
52 67
66 100
56 83
96 88
97 66
100 61
85 24
22 84
14 60
63 29
29 69
53 68
80 56
35 68
8 93
38 64
47 70
39 78
47 26
70 100
10 83
58 73
56 15
86 13
27 91
15 99
78 92
29 55
64 55
100 34
64 18
54 61
77 78
50 14
71 40
39 60
60 68
69 52
42 49
55 4
34 38
12 82
74 55
43 74
74 59
47 33
21 69
20 11
24 7
38 23
31 78
3 5
99 34
85 85
26 20
73 97
31 25
21 77
21 16
14 73
11 86
88 23
66 88
9 82
11 35
3 4
65 91
65 4
50 93
28 5
84 15
23 73
28 8
88 24
88 87
26 46
18 83
61 4
4 34
41 73
31 25
78 23
61 59
29 77
51 75
44 49
73 95
5 46
11 97
92 92
31 5
23 81
44 79
39 57
28 6
58 34
80 44
13 54
51 95
51 81
29 15
53 97
86 97
81 25
69 51
12 75
24 40
72 9
54 98
46 100
68 40
74 21
55 4
97 45
100 54
31 37
16 79
20 74
16 62
95 52
14 35
21 32
100 81
100 93
59 54
41 95
78 34
46 23
46 69
49 34
66 1
70 78
83 79
96 93
35 9
4 63
28 92
69 64
89 92
98 78
74 47
39 83
99 52
10 58
49 22
61 1
49 14
97 4
79 61
14 23
20 24
11 10
53 73
14 22
55 7
43 44
32 88
62 14
46 47
68 73
37 65
88 6
75 67
75 30
34 86
58 90
87 56
47 35
68 74
86 37
85 20
45 78
2 10
75 57
80 14
2 96
8 3
19 5
4 92
24 29
87 33
11 30
10 53
95 57
54 94
100 31
40 92
69 74
71 64
27 25
48 82
16 58
11 26
56 97
22 58
67 58
70 4
65 88
39 31
18 91
78 71
98 36
13 84
35 36
46 52
54 12
50 48
29 99
100 5
28 72
73 90
73 6
59 40
13 5
79 24
12 37
26 61
1 81
38 43
43 63
37 43
59 93
71 55
60 73
45 53
100 80
61 31
40 59
38 81
13 23
75 75
16 13
14 17
6 67
83 72
75 33
53 36
86 82
66 71
77 71
87 81
75 93
6 56
70 6
81 100
95 54
30 15
62 7
6 34
20 42
87 59
5 35
6 6
73 12
3 82
2 16
9 75
17 41
83 18
75 3
46 85
91 87
56 73
56 45
95 62
58 88
73 88
100 96
53 19
74 48
18 92
52 6
37 26
2 7
98 53
41 8
54 48
83 27
18 56
24 45
50 58
6 15
14 30
69 5
15 83
43 8
77 35
53 1
9 56
53 16
33 81
47 98
33 81
20 9
98 47
90 3
96 3
62 62
29 80
21 77
82 13
20 24
49 55
87 3
3 42
30 81
92 3
94 28
85 67
36 28
3 69
52 90
85 60
54 22
83 100
53 88
78 24
92 28
28 65
89 90
95 31
99 71
20 94
42 33
16 92
1 62
69 25
55 31
70 41
11 11
999 199
74 77
85 64
31 33
70 21
76 60
3 96
85 92
100 78
32 32
3 75
66 70
18 32
90 48
21 68
73 97
39 52
99 67
75 24
54 49
96 62
91 23
12 42
41 62
65 52
97 25
77 22
90 47
95 29
91 100
26 24
14 82
72 73
54 75
34 72
1 94
30 2
96 63
96 1
66 58
13 82
82 79
32 18
13 78
80 41
4 25
10 81
85 59
48 71
73 40
13 65
100 38
53 11
9 29
47 37
27 64
13 47
69 28
38 19
57 86
84 34
100 54
67 61
59 84
16 48
6 55
41 61
64 7
9 15
13 34
36 36
30 71
96 89
39 6
26 48
43 42
63 84
18 13
43 70
84 66
68 58
75 89
3 2
36 22
29 82
83 75
80 69
17 1
23 53
28 67
88 35
5 65
52 30
59 40
23 71
75 30
71 60
85 29
13 81
100 2
83 25
95 37
17 6
38 69
10 48
4 32
34 36
77 75
68 61
56 35
64 76
68 13
60 71
45 29
65 88
56 95
58 43
80 42
47 86
98 87
64 52
23 47
100 78
100 3
79 78
84 82
17 83
3 68
26 60
96 88
34 43
73 22
11 80
69 70
31 65
3 51
25 84
96 15
75 67
63 47
99 34
36 69
78 98
34 3
38 31
62 80
48 50
82 68
11 33
72 31
27 55
99 74
49 47
7 36
55 52
56 35
83 48
37 31
79 6
89 48
97 96
85 57
72 86
46 79
24 50
70 81
2 90
99 58
17 96
37 100
28 11
99 49
6 79
58 91
2 23
2 25
68 72
23 60
21 68
2 5
45 46
54 79
94 3
55 69
64 53
83 14
79 19
16 16
81 33
66 72
3 86
62 49
14 18
69 10
28 77
19 36
78 100
19 65
17 87
27 95
44 11
7 11
37 1
4 12
81 73
39 34
51 82
92 93
19 68
77 38
49 20
70 17
46 30
98 6
6 86
92 84
68 76
2 35
16 87
61 61
23 83
35 22
11 24
66 63
98 77
13 49
30 87
4 89
57 32
2 69
95 77
17 55
68 38
93 55
100 19
59 100
12 77
73 57
5 35
15 26
23 26
34 68
49 91
75 62
83 62
99 78
30 26
59 3
58 67
53 46
36 65
2 67
74 47
18 88
17 74
34 86
75 29
8 23
85 58
86 72
61 60
7 70
29 31
36 100
91 76
85 64
42 55
55 13
21 63
97 37
56 66
20 93
46 34
84 90
36 59
78 14
10 43
60 3
84 17
27 82
72 27
50 11
84 100
15 27
70 36
92 21
80 78
6 45
52 33
4 97
68 7
91 70
14 9
34 1
73 37
15 84
50 15
39 98
82 85
75 70
87 34
87 39
93 19
38 57
90 64
47 31
94 19
8 2
62 6
66 60
79 37
54 34
43 98
94 86
39 13
62 2
46 37
20 72
41 75
91 35
92 30
94 48
96 18
96 66
36 88
75 26
78 54
3 63
49 95
80 7
48 100
78 27
33 31
7 75
42 90
78 1
89 83
24 30
43 26
97 69
53 72
37 32
88 77
82 16
79 64
30 31
74 64
34 35
58 14
80 95
9 36
48 63
38 84
88 48
27 82
50 73
84 89
91 95
28 3
40 5
15 97
38 100
49 79
87 1
17 85
59 81
84 18
12 34
22 98
73 49
98 46
20 12
93 46
71 83
62 66
54 33
100 62
12 26
74 92
87 72
84 10
50 61
44 61
35 93
2 28
31 87
10 66
59 52
74 30
51 92
53 72
91 65
23 68
5 82
8 68
58 65
92 86
67 46
48 51
38 62
58 98
61 80
75 33
50 38
14 50
18 86
20 17
3 88
86 38
42 47
31 95
56 49
23 100
69 1
59 12
58 37
42 17
65 72
75 80
80 12
74 6
54 76
46 51
13 48
86 35
80 17
38 41
66 83
76 32
28 55
46 41
15 2
61 53
41 39
98 96
98 4
20 69
88 18
45 85
53 57
60 45
53 65
26 11
94 41
57 15
39 58
80 44
38 1
16 7
48 44
86 5
38 66
70 51
24 92
10 10
40 12
19 13
34 71
87 73
91 76
3 33
96 2
9 92
22 15
55 53
30 5
13 13
89 97
43 84
96 35
23 37
29 100
33 26
3 96
31 18
41 24
44 96
54 93
75 47
69 81
70 66
86 87
63 83
71 77
28 27
77 48
51 72
5 98
10 68
50 73
44 31
94 47
91 46
58 94
78 61
55 96
20 91
72 66
29 18
12 68
15 48
28 27
5 28
3 73
25 85
86 43
45 80
99 31
27 21
38 38
40 60
86 38
92 99
43 70
47 63
99 62
18 44
90 27
76 40
56 11
36 59
3 67
39 83
70 68
94 79
4 56
92 60
22 31
61 50
84 54
15 83
57 71
88 98
34 5
36 54
6 88
8 90
87 27
44 3
73 22
8 29
42 93
90 22
66 11
37 77
48 59
11 11
83 38
70 55
64 48
23 95
24 87
92 68
100 18
6 11
86 30
93 97
17 15
58 43
43 17
42 28
59 86
4 12
58 10
93 84
98 40
90 77
61 93
2 53
98 41
20 44
28 48
78 30
43 1
5 50
38 92
61 85
44 4
82 10
61 45
84 20
99 69
8 74
48 37
45 82
31 33
61 95
56 99
17 71
69 91
27 4
52 89
72 67
56 62
13 8
8 63
15 53
43 53
6 81
93 18
40 64
100 2
20 12
46 73
87 38
66 60
45 43
81 96
76 52
34 78
33 57
92 74
20 77
63 40
45 28
22 12
40 77
17 25
19 40
39 95
14 81
15 2
98 43
88 84
31 77
69 10
76 12
41 49
28 88
69 4
7 41
79 14
57 46
96 89
33 41
40 19
75 5
66 52
58 90
4 28
68 18
65 26
63 61
46 34
26 75
33 77
24 38
78 13
25 71
96 5
64 25
17 8
63 1
19 32
58 56
32 3
24 80
37 42
34 98
50 56
13 27
48 86
91 13
72 87
88 92
50 86
54 12
74 40
3 24
57 24
2 71
92 66
80 49
98 18
4 66
6 53
88 39
35 59
60 17
84 55
58 43
58 73
43 81
13 91
79 19
64 39
7 44
18 17
93 85
74 88
26 65
7 51
43 99
34 100
59 68
6 63
40 3
41 89
82 9
24 38
59 11
89 74
91 17
14 78
33 72
42 82
5 34
72 97
58 25
98 10
23 91
37 66
99 44
11 30
19 74
86 67
90 25
54 3
34 55
33 57
23 50
52 4
91 40
54 55
82 88
9 76
99 31
38 88
70 20
91 15
37 88
74 73
5 58
33 20
58 43
70 92
75 83
89 3
61 52
5 31
66 6
64 95
74 88
87 79
32 16
49 70
93 15
2 93
70 76
39 22
25 53
86 49
52 60
94 41
9 81
98 41
10 44
40 71
43 37
64 21
25 41
51 99
75 78
55 64
23 90
12 69
90 84
41 80
42 9
29 12
99 98
86 19
30 12
95 67
37 5
87 32
8 17
11 33
7 33
32 64
74 16
40 86
77 62
50 45
55 65
70 20
13 21
51 1
71 84
52 1
10 62
41 69
90 9
3 69
68 54
14 65
20 43
57 1
76 40
80 95
35 22
72 41
63 19
17 52
53 20
57 84
89 79
54 44
19 33
74 90
82 66
53 31
16 15
44 53
24 89
41 41
89 5
53 77
27 32
37 91
40 25
39 49
74 66
39 100
86 13
46 72
76 61
1 3
56 100
14 96
15 46
81 69
89 15
41 66
76 37
93 2
43 33
49 20
92 82
84 2
28 20
22 29
43 8
61 25
38 98
53 70
80 91
85 28
38 26
97 2
43 87
10 30
75 54
40 63
47 22
19 41
44 87
85 79
20 100
48 33
22 29
37 22
87 84
86 50
22 21
19 2
93 8
23 40
88 5
68 67
61 97
87 31
30 48
36 7
1 3
40 44
53 42
77 67
62 76
86 13
65 63
50 44
7 55
68 34
65 37
77 15
93 46
78 90
75 93
68 68
30 81
4 22
18 65
52 5
63 99
19 27
38 85
93 26
13 21
72 39
61 21
21 63
23 1
65 9
48 21
6 11
68 67
24 63
23 14
94 86
2 73
6 11
47 30
71 29
43 87
11 62
74 27
60 64
29 45
28 24
60 19
98 92
97 51
81 12
79 54
84 35
24 78
93 93
41 87
60 100
99 16
42 88
27 44
1 57
50 20
94 31
53 33
85 23
62 94
82 48
90 15
41 10
5 72
73 78
65 23
6 22
10 29
73 89
71 22
70 84
13 90
51 96
32 49
43 80
18 50
50 76
98 55
77 87
42 65
15 93
83 23
6 11
68 87
60 61
57 73
80 100
64 96
31 9
82 63
57 61
32 42
85 63
1 68
7 34
18 1
16 91
61 95
19 91
9 51
32 99
89 92
48 57
29 59
18 31
80 6
99 84
20 62
77 78
37 93
96 85
56 65
80 69
14 45
37 96
89 82
8 28
59 72
22 19
9 47
64 6
999 399
74 77
85 64
31 33
70 21
76 60
3 96
85 92
100 78
32 32
3 75
66 70
18 32
90 48
21 68
73 97
39 52
99 67
75 24
54 49
96 62
91 23
12 42
41 62
65 52
97 25
77 22
90 47
95 29
91 100
26 24
14 82
72 73
54 75
34 72
1 94
30 2
96 63
96 1
66 58
13 82
82 79
32 18
13 78
80 41
4 25
10 81
85 59
48 71
73 40
13 65
100 38
53 11
9 29
47 37
27 64
13 47
69 28
38 19
57 86
84 34
100 54
67 61
59 84
16 48
6 55
41 61
64 7
9 15
13 34
36 36
30 71
96 89
39 6
26 48
43 42
63 84
18 13
43 70
84 66
68 58
75 89
3 2
36 22
29 82
83 75
80 69
17 1
23 53
28 67
88 35
5 65
52 30
59 40
23 71
75 30
71 60
85 29
13 81
100 2
83 25
95 37
17 6
38 69
10 48
4 32
34 36
77 75
68 61
56 35
64 76
68 13
60 71
45 29
65 88
56 95
58 43
80 42
47 86
98 87
64 52
23 47
100 78
100 3
79 78
84 82
17 83
3 68
26 60
96 88
34 43
73 22
11 80
69 70
31 65
3 51
25 84
96 15
75 67
63 47
99 34
36 69
78 98
34 3
38 31
62 80
48 50
82 68
11 33
72 31
27 55
99 74
49 47
7 36
55 52
56 35
83 48
37 31
79 6
89 48
97 96
85 57
72 86
46 79
24 50
70 81
2 90
99 58
17 96
37 100
28 11
99 49
6 79
58 91
2 23
2 25
68 72
23 60
21 68
2 5
45 46
54 79
94 3
55 69
64 53
83 14
79 19
16 16
81 33
66 72
3 86
62 49
14 18
69 10
28 77
19 36
78 100
19 65
17 87
27 95
44 11
7 11
37 1
4 12
81 73
39 34
51 82
92 93
19 68
77 38
49 20
70 17
46 30
98 6
6 86
92 84
68 76
2 35
16 87
61 61
23 83
35 22
11 24
66 63
98 77
13 49
30 87
4 89
57 32
2 69
95 77
17 55
68 38
93 55
100 19
59 100
12 77
73 57
5 35
15 26
23 26
34 68
49 91
75 62
83 62
99 78
30 26
59 3
58 67
53 46
36 65
2 67
74 47
18 88
17 74
34 86
75 29
8 23
85 58
86 72
61 60
7 70
29 31
36 100
91 76
85 64
42 55
55 13
21 63
97 37
56 66
20 93
46 34
84 90
36 59
78 14
10 43
60 3
84 17
27 82
72 27
50 11
84 100
15 27
70 36
92 21
80 78
6 45
52 33
4 97
68 7
91 70
14 9
34 1
73 37
15 84
50 15
39 98
82 85
75 70
87 34
87 39
93 19
38 57
90 64
47 31
94 19
8 2
62 6
66 60
79 37
54 34
43 98
94 86
39 13
62 2
46 37
20 72
41 75
91 35
92 30
94 48
96 18
96 66
36 88
75 26
78 54
3 63
49 95
80 7
48 100
78 27
33 31
7 75
42 90
78 1
89 83
24 30
43 26
97 69
53 72
37 32
88 77
82 16
79 64
30 31
74 64
34 35
58 14
80 95
9 36
48 63
38 84
88 48
27 82
50 73
84 89
91 95
28 3
40 5
15 97
38 100
49 79
87 1
17 85
59 81
84 18
12 34
22 98
73 49
98 46
20 12
93 46
71 83
62 66
54 33
100 62
12 26
74 92
87 72
84 10
50 61
44 61
35 93
2 28
31 87
10 66
59 52
74 30
51 92
53 72
91 65
23 68
5 82
8 68
58 65
92 86
67 46
48 51
38 62
58 98
61 80
75 33
50 38
14 50
18 86
20 17
3 88
86 38
42 47
31 95
56 49
23 100
69 1
59 12
58 37
42 17
65 72
75 80
80 12
74 6
54 76
46 51
13 48
86 35
80 17
38 41
66 83
76 32
28 55
46 41
15 2
61 53
41 39
98 96
98 4
20 69
88 18
45 85
53 57
60 45
53 65
26 11
94 41
57 15
39 58
80 44
38 1
16 7
48 44
86 5
38 66
70 51
24 92
10 10
40 12
19 13
34 71
87 73
91 76
3 33
96 2
9 92
22 15
55 53
30 5
13 13
89 97
43 84
96 35
23 37
29 100
33 26
3 96
31 18
41 24
44 96
54 93
75 47
69 81
70 66
86 87
63 83
71 77
28 27
77 48
51 72
5 98
10 68
50 73
44 31
94 47
91 46
58 94
78 61
55 96
20 91
72 66
29 18
12 68
15 48
28 27
5 28
3 73
25 85
86 43
45 80
99 31
27 21
38 38
40 60
86 38
92 99
43 70
47 63
99 62
18 44
90 27
76 40
56 11
36 59
3 67
39 83
70 68
94 79
4 56
92 60
22 31
61 50
84 54
15 83
57 71
88 98
34 5
36 54
6 88
8 90
87 27
44 3
73 22
8 29
42 93
90 22
66 11
37 77
48 59
11 11
83 38
70 55
64 48
23 95
24 87
92 68
100 18
6 11
86 30
93 97
17 15
58 43
43 17
42 28
59 86
4 12
58 10
93 84
98 40
90 77
61 93
2 53
98 41
20 44
28 48
78 30
43 1
5 50
38 92
61 85
44 4
82 10
61 45
84 20
99 69
8 74
48 37
45 82
31 33
61 95
56 99
17 71
69 91
27 4
52 89
72 67
56 62
13 8
8 63
15 53
43 53
6 81
93 18
40 64
100 2
20 12
46 73
87 38
66 60
45 43
81 96
76 52
34 78
33 57
92 74
20 77
63 40
45 28
22 12
40 77
17 25
19 40
39 95
14 81
15 2
98 43
88 84
31 77
69 10
76 12
41 49
28 88
69 4
7 41
79 14
57 46
96 89
33 41
40 19
75 5
66 52
58 90
4 28
68 18
65 26
63 61
46 34
26 75
33 77
24 38
78 13
25 71
96 5
64 25
17 8
63 1
19 32
58 56
32 3
24 80
37 42
34 98
50 56
13 27
48 86
91 13
72 87
88 92
50 86
54 12
74 40
3 24
57 24
2 71
92 66
80 49
98 18
4 66
6 53
88 39
35 59
60 17
84 55
58 43
58 73
43 81
13 91
79 19
64 39
7 44
18 17
93 85
74 88
26 65
7 51
43 99
34 100
59 68
6 63
40 3
41 89
82 9
24 38
59 11
89 74
91 17
14 78
33 72
42 82
5 34
72 97
58 25
98 10
23 91
37 66
99 44
11 30
19 74
86 67
90 25
54 3
34 55
33 57
23 50
52 4
91 40
54 55
82 88
9 76
99 31
38 88
70 20
91 15
37 88
74 73
5 58
33 20
58 43
70 92
75 83
89 3
61 52
5 31
66 6
64 95
74 88
87 79
32 16
49 70
93 15
2 93
70 76
39 22
25 53
86 49
52 60
94 41
9 81
98 41
10 44
40 71
43 37
64 21
25 41
51 99
75 78
55 64
23 90
12 69
90 84
41 80
42 9
29 12
99 98
86 19
30 12
95 67
37 5
87 32
8 17
11 33
7 33
32 64
74 16
40 86
77 62
50 45
55 65
70 20
13 21
51 1
71 84
52 1
10 62
41 69
90 9
3 69
68 54
14 65
20 43
57 1
76 40
80 95
35 22
72 41
63 19
17 52
53 20
57 84
89 79
54 44
19 33
74 90
82 66
53 31
16 15
44 53
24 89
41 41
89 5
53 77
27 32
37 91
40 25
39 49
74 66
39 100
86 13
46 72
76 61
1 3
56 100
14 96
15 46
81 69
89 15
41 66
76 37
93 2
43 33
49 20
92 82
84 2
28 20
22 29
43 8
61 25
38 98
53 70
80 91
85 28
38 26
97 2
43 87
10 30
75 54
40 63
47 22
19 41
44 87
85 79
20 100
48 33
22 29
37 22
87 84
86 50
22 21
19 2
93 8
23 40
88 5
68 67
61 97
87 31
30 48
36 7
1 3
40 44
53 42
77 67
62 76
86 13
65 63
50 44
7 55
68 34
65 37
77 15
93 46
78 90
75 93
68 68
30 81
4 22
18 65
52 5
63 99
19 27
38 85
93 26
13 21
72 39
61 21
21 63
23 1
65 9
48 21
6 11
68 67
24 63
23 14
94 86
2 73
6 11
47 30
71 29
43 87
11 62
74 27
60 64
29 45
28 24
60 19
98 92
97 51
81 12
79 54
84 35
24 78
93 93
41 87
60 100
99 16
42 88
27 44
1 57
50 20
94 31
53 33
85 23
62 94
82 48
90 15
41 10
5 72
73 78
65 23
6 22
10 29
73 89
71 22
70 84
13 90
51 96
32 49
43 80
18 50
50 76
98 55
77 87
42 65
15 93
83 23
6 11
68 87
60 61
57 73
80 100
64 96
31 9
82 63
57 61
32 42
85 63
1 68
7 34
18 1
16 91
61 95
19 91
9 51
32 99
89 92
48 57
29 59
18 31
80 6
99 84
20 62
77 78
37 93
96 85
56 65
80 69
14 45
37 96
89 82
8 28
59 72
22 19
9 47
64 6
999 599
74 77
85 64
31 33
70 21
76 60
3 96
85 92
100 78
32 32
3 75
66 70
18 32
90 48
21 68
73 97
39 52
99 67
75 24
54 49
96 62
91 23
12 42
41 62
65 52
97 25
77 22
90 47
95 29
91 100
26 24
14 82
72 73
54 75
34 72
1 94
30 2
96 63
96 1
66 58
13 82
82 79
32 18
13 78
80 41
4 25
10 81
85 59
48 71
73 40
13 65
100 38
53 11
9 29
47 37
27 64
13 47
69 28
38 19
57 86
84 34
100 54
67 61
59 84
16 48
6 55
41 61
64 7
9 15
13 34
36 36
30 71
96 89
39 6
26 48
43 42
63 84
18 13
43 70
84 66
68 58
75 89
3 2
36 22
29 82
83 75
80 69
17 1
23 53
28 67
88 35
5 65
52 30
59 40
23 71
75 30
71 60
85 29
13 81
100 2
83 25
95 37
17 6
38 69
10 48
4 32
34 36
77 75
68 61
56 35
64 76
68 13
60 71
45 29
65 88
56 95
58 43
80 42
47 86
98 87
64 52
23 47
100 78
100 3
79 78
84 82
17 83
3 68
26 60
96 88
34 43
73 22
11 80
69 70
31 65
3 51
25 84
96 15
75 67
63 47
99 34
36 69
78 98
34 3
38 31
62 80
48 50
82 68
11 33
72 31
27 55
99 74
49 47
7 36
55 52
56 35
83 48
37 31
79 6
89 48
97 96
85 57
72 86
46 79
24 50
70 81
2 90
99 58
17 96
37 100
28 11
99 49
6 79
58 91
2 23
2 25
68 72
23 60
21 68
2 5
45 46
54 79
94 3
55 69
64 53
83 14
79 19
16 16
81 33
66 72
3 86
62 49
14 18
69 10
28 77
19 36
78 100
19 65
17 87
27 95
44 11
7 11
37 1
4 12
81 73
39 34
51 82
92 93
19 68
77 38
49 20
70 17
46 30
98 6
6 86
92 84
68 76
2 35
16 87
61 61
23 83
35 22
11 24
66 63
98 77
13 49
30 87
4 89
57 32
2 69
95 77
17 55
68 38
93 55
100 19
59 100
12 77
73 57
5 35
15 26
23 26
34 68
49 91
75 62
83 62
99 78
30 26
59 3
58 67
53 46
36 65
2 67
74 47
18 88
17 74
34 86
75 29
8 23
85 58
86 72
61 60
7 70
29 31
36 100
91 76
85 64
42 55
55 13
21 63
97 37
56 66
20 93
46 34
84 90
36 59
78 14
10 43
60 3
84 17
27 82
72 27
50 11
84 100
15 27
70 36
92 21
80 78
6 45
52 33
4 97
68 7
91 70
14 9
34 1
73 37
15 84
50 15
39 98
82 85
75 70
87 34
87 39
93 19
38 57
90 64
47 31
94 19
8 2
62 6
66 60
79 37
54 34
43 98
94 86
39 13
62 2
46 37
20 72
41 75
91 35
92 30
94 48
96 18
96 66
36 88
75 26
78 54
3 63
49 95
80 7
48 100
78 27
33 31
7 75
42 90
78 1
89 83
24 30
43 26
97 69
53 72
37 32
88 77
82 16
79 64
30 31
74 64
34 35
58 14
80 95
9 36
48 63
38 84
88 48
27 82
50 73
84 89
91 95
28 3
40 5
15 97
38 100
49 79
87 1
17 85
59 81
84 18
12 34
22 98
73 49
98 46
20 12
93 46
71 83
62 66
54 33
100 62
12 26
74 92
87 72
84 10
50 61
44 61
35 93
2 28
31 87
10 66
59 52
74 30
51 92
53 72
91 65
23 68
5 82
8 68
58 65
92 86
67 46
48 51
38 62
58 98
61 80
75 33
50 38
14 50
18 86
20 17
3 88
86 38
42 47
31 95
56 49
23 100
69 1
59 12
58 37
42 17
65 72
75 80
80 12
74 6
54 76
46 51
13 48
86 35
80 17
38 41
66 83
76 32
28 55
46 41
15 2
61 53
41 39
98 96
98 4
20 69
88 18
45 85
53 57
60 45
53 65
26 11
94 41
57 15
39 58
80 44
38 1
16 7
48 44
86 5
38 66
70 51
24 92
10 10
40 12
19 13
34 71
87 73
91 76
3 33
96 2
9 92
22 15
55 53
30 5
13 13
89 97
43 84
96 35
23 37
29 100
33 26
3 96
31 18
41 24
44 96
54 93
75 47
69 81
70 66
86 87
63 83
71 77
28 27
77 48
51 72
5 98
10 68
50 73
44 31
94 47
91 46
58 94
78 61
55 96
20 91
72 66
29 18
12 68
15 48
28 27
5 28
3 73
25 85
86 43
45 80
99 31
27 21
38 38
40 60
86 38
92 99
43 70
47 63
99 62
18 44
90 27
76 40
56 11
36 59
3 67
39 83
70 68
94 79
4 56
92 60
22 31
61 50
84 54
15 83
57 71
88 98
34 5
36 54
6 88
8 90
87 27
44 3
73 22
8 29
42 93
90 22
66 11
37 77
48 59
11 11
83 38
70 55
64 48
23 95
24 87
92 68
100 18
6 11
86 30
93 97
17 15
58 43
43 17
42 28
59 86
4 12
58 10
93 84
98 40
90 77
61 93
2 53
98 41
20 44
28 48
78 30
43 1
5 50
38 92
61 85
44 4
82 10
61 45
84 20
99 69
8 74
48 37
45 82
31 33
61 95
56 99
17 71
69 91
27 4
52 89
72 67
56 62
13 8
8 63
15 53
43 53
6 81
93 18
40 64
100 2
20 12
46 73
87 38
66 60
45 43
81 96
76 52
34 78
33 57
92 74
20 77
63 40
45 28
22 12
40 77
17 25
19 40
39 95
14 81
15 2
98 43
88 84
31 77
69 10
76 12
41 49
28 88
69 4
7 41
79 14
57 46
96 89
33 41
40 19
75 5
66 52
58 90
4 28
68 18
65 26
63 61
46 34
26 75
33 77
24 38
78 13
25 71
96 5
64 25
17 8
63 1
19 32
58 56
32 3
24 80
37 42
34 98
50 56
13 27
48 86
91 13
72 87
88 92
50 86
54 12
74 40
3 24
57 24
2 71
92 66
80 49
98 18
4 66
6 53
88 39
35 59
60 17
84 55
58 43
58 73
43 81
13 91
79 19
64 39
7 44
18 17
93 85
74 88
26 65
7 51
43 99
34 100
59 68
6 63
40 3
41 89
82 9
24 38
59 11
89 74
91 17
14 78
33 72
42 82
5 34
72 97
58 25
98 10
23 91
37 66
99 44
11 30
19 74
86 67
90 25
54 3
34 55
33 57
23 50
52 4
91 40
54 55
82 88
9 76
99 31
38 88
70 20
91 15
37 88
74 73
5 58
33 20
58 43
70 92
75 83
89 3
61 52
5 31
66 6
64 95
74 88
87 79
32 16
49 70
93 15
2 93
70 76
39 22
25 53
86 49
52 60
94 41
9 81
98 41
10 44
40 71
43 37
64 21
25 41
51 99
75 78
55 64
23 90
12 69
90 84
41 80
42 9
29 12
99 98
86 19
30 12
95 67
37 5
87 32
8 17
11 33
7 33
32 64
74 16
40 86
77 62
50 45
55 65
70 20
13 21
51 1
71 84
52 1
10 62
41 69
90 9
3 69
68 54
14 65
20 43
57 1
76 40
80 95
35 22
72 41
63 19
17 52
53 20
57 84
89 79
54 44
19 33
74 90
82 66
53 31
16 15
44 53
24 89
41 41
89 5
53 77
27 32
37 91
40 25
39 49
74 66
39 100
86 13
46 72
76 61
1 3
56 100
14 96
15 46
81 69
89 15
41 66
76 37
93 2
43 33
49 20
92 82
84 2
28 20
22 29
43 8
61 25
38 98
53 70
80 91
85 28
38 26
97 2
43 87
10 30
75 54
40 63
47 22
19 41
44 87
85 79
20 100
48 33
22 29
37 22
87 84
86 50
22 21
19 2
93 8
23 40
88 5
68 67
61 97
87 31
30 48
36 7
1 3
40 44
53 42
77 67
62 76
86 13
65 63
50 44
7 55
68 34
65 37
77 15
93 46
78 90
75 93
68 68
30 81
4 22
18 65
52 5
63 99
19 27
38 85
93 26
13 21
72 39
61 21
21 63
23 1
65 9
48 21
6 11
68 67
24 63
23 14
94 86
2 73
6 11
47 30
71 29
43 87
11 62
74 27
60 64
29 45
28 24
60 19
98 92
97 51
81 12
79 54
84 35
24 78
93 93
41 87
60 100
99 16
42 88
27 44
1 57
50 20
94 31
53 33
85 23
62 94
82 48
90 15
41 10
5 72
73 78
65 23
6 22
10 29
73 89
71 22
70 84
13 90
51 96
32 49
43 80
18 50
50 76
98 55
77 87
42 65
15 93
83 23
6 11
68 87
60 61
57 73
80 100
64 96
31 9
82 63
57 61
32 42
85 63
1 68
7 34
18 1
16 91
61 95
19 91
9 51
32 99
89 92
48 57
29 59
18 31
80 6
99 84
20 62
77 78
37 93
96 85
56 65
80 69
14 45
37 96
89 82
8 28
59 72
22 19
9 47
64 6
999 799
74 77
85 64
31 33
70 21
76 60
3 96
85 92
100 78
32 32
3 75
66 70
18 32
90 48
21 68
73 97
39 52
99 67
75 24
54 49
96 62
91 23
12 42
41 62
65 52
97 25
77 22
90 47
95 29
91 100
26 24
14 82
72 73
54 75
34 72
1 94
30 2
96 63
96 1
66 58
13 82
82 79
32 18
13 78
80 41
4 25
10 81
85 59
48 71
73 40
13 65
100 38
53 11
9 29
47 37
27 64
13 47
69 28
38 19
57 86
84 34
100 54
67 61
59 84
16 48
6 55
41 61
64 7
9 15
13 34
36 36
30 71
96 89
39 6
26 48
43 42
63 84
18 13
43 70
84 66
68 58
75 89
3 2
36 22
29 82
83 75
80 69
17 1
23 53
28 67
88 35
5 65
52 30
59 40
23 71
75 30
71 60
85 29
13 81
100 2
83 25
95 37
17 6
38 69
10 48
4 32
34 36
77 75
68 61
56 35
64 76
68 13
60 71
45 29
65 88
56 95
58 43
80 42
47 86
98 87
64 52
23 47
100 78
100 3
79 78
84 82
17 83
3 68
26 60
96 88
34 43
73 22
11 80
69 70
31 65
3 51
25 84
96 15
75 67
63 47
99 34
36 69
78 98
34 3
38 31
62 80
48 50
82 68
11 33
72 31
27 55
99 74
49 47
7 36
55 52
56 35
83 48
37 31
79 6
89 48
97 96
85 57
72 86
46 79
24 50
70 81
2 90
99 58
17 96
37 100
28 11
99 49
6 79
58 91
2 23
2 25
68 72
23 60
21 68
2 5
45 46
54 79
94 3
55 69
64 53
83 14
79 19
16 16
81 33
66 72
3 86
62 49
14 18
69 10
28 77
19 36
78 100
19 65
17 87
27 95
44 11
7 11
37 1
4 12
81 73
39 34
51 82
92 93
19 68
77 38
49 20
70 17
46 30
98 6
6 86
92 84
68 76
2 35
16 87
61 61
23 83
35 22
11 24
66 63
98 77
13 49
30 87
4 89
57 32
2 69
95 77
17 55
68 38
93 55
100 19
59 100
12 77
73 57
5 35
15 26
23 26
34 68
49 91
75 62
83 62
99 78
30 26
59 3
58 67
53 46
36 65
2 67
74 47
18 88
17 74
34 86
75 29
8 23
85 58
86 72
61 60
7 70
29 31
36 100
91 76
85 64
42 55
55 13
21 63
97 37
56 66
20 93
46 34
84 90
36 59
78 14
10 43
60 3
84 17
27 82
72 27
50 11
84 100
15 27
70 36
92 21
80 78
6 45
52 33
4 97
68 7
91 70
14 9
34 1
73 37
15 84
50 15
39 98
82 85
75 70
87 34
87 39
93 19
38 57
90 64
47 31
94 19
8 2
62 6
66 60
79 37
54 34
43 98
94 86
39 13
62 2
46 37
20 72
41 75
91 35
92 30
94 48
96 18
96 66
36 88
75 26
78 54
3 63
49 95
80 7
48 100
78 27
33 31
7 75
42 90
78 1
89 83
24 30
43 26
97 69
53 72
37 32
88 77
82 16
79 64
30 31
74 64
34 35
58 14
80 95
9 36
48 63
38 84
88 48
27 82
50 73
84 89
91 95
28 3
40 5
15 97
38 100
49 79
87 1
17 85
59 81
84 18
12 34
22 98
73 49
98 46
20 12
93 46
71 83
62 66
54 33
100 62
12 26
74 92
87 72
84 10
50 61
44 61
35 93
2 28
31 87
10 66
59 52
74 30
51 92
53 72
91 65
23 68
5 82
8 68
58 65
92 86
67 46
48 51
38 62
58 98
61 80
75 33
50 38
14 50
18 86
20 17
3 88
86 38
42 47
31 95
56 49
23 100
69 1
59 12
58 37
42 17
65 72
75 80
80 12
74 6
54 76
46 51
13 48
86 35
80 17
38 41
66 83
76 32
28 55
46 41
15 2
61 53
41 39
98 96
98 4
20 69
88 18
45 85
53 57
60 45
53 65
26 11
94 41
57 15
39 58
80 44
38 1
16 7
48 44
86 5
38 66
70 51
24 92
10 10
40 12
19 13
34 71
87 73
91 76
3 33
96 2
9 92
22 15
55 53
30 5
13 13
89 97
43 84
96 35
23 37
29 100
33 26
3 96
31 18
41 24
44 96
54 93
75 47
69 81
70 66
86 87
63 83
71 77
28 27
77 48
51 72
5 98
10 68
50 73
44 31
94 47
91 46
58 94
78 61
55 96
20 91
72 66
29 18
12 68
15 48
28 27
5 28
3 73
25 85
86 43
45 80
99 31
27 21
38 38
40 60
86 38
92 99
43 70
47 63
99 62
18 44
90 27
76 40
56 11
36 59
3 67
39 83
70 68
94 79
4 56
92 60
22 31
61 50
84 54
15 83
57 71
88 98
34 5
36 54
6 88
8 90
87 27
44 3
73 22
8 29
42 93
90 22
66 11
37 77
48 59
11 11
83 38
70 55
64 48
23 95
24 87
92 68
100 18
6 11
86 30
93 97
17 15
58 43
43 17
42 28
59 86
4 12
58 10
93 84
98 40
90 77
61 93
2 53
98 41
20 44
28 48
78 30
43 1
5 50
38 92
61 85
44 4
82 10
61 45
84 20
99 69
8 74
48 37
45 82
31 33
61 95
56 99
17 71
69 91
27 4
52 89
72 67
56 62
13 8
8 63
15 53
43 53
6 81
93 18
40 64
100 2
20 12
46 73
87 38
66 60
45 43
81 96
76 52
34 78
33 57
92 74
20 77
63 40
45 28
22 12
40 77
17 25
19 40
39 95
14 81
15 2
98 43
88 84
31 77
69 10
76 12
41 49
28 88
69 4
7 41
79 14
57 46
96 89
33 41
40 19
75 5
66 52
58 90
4 28
68 18
65 26
63 61
46 34
26 75
33 77
24 38
78 13
25 71
96 5
64 25
17 8
63 1
19 32
58 56
32 3
24 80
37 42
34 98
50 56
13 27
48 86
91 13
72 87
88 92
50 86
54 12
74 40
3 24
57 24
2 71
92 66
80 49
98 18
4 66
6 53
88 39
35 59
60 17
84 55
58 43
58 73
43 81
13 91
79 19
64 39
7 44
18 17
93 85
74 88
26 65
7 51
43 99
34 100
59 68
6 63
40 3
41 89
82 9
24 38
59 11
89 74
91 17
14 78
33 72
42 82
5 34
72 97
58 25
98 10
23 91
37 66
99 44
11 30
19 74
86 67
90 25
54 3
34 55
33 57
23 50
52 4
91 40
54 55
82 88
9 76
99 31
38 88
70 20
91 15
37 88
74 73
5 58
33 20
58 43
70 92
75 83
89 3
61 52
5 31
66 6
64 95
74 88
87 79
32 16
49 70
93 15
2 93
70 76
39 22
25 53
86 49
52 60
94 41
9 81
98 41
10 44
40 71
43 37
64 21
25 41
51 99
75 78
55 64
23 90
12 69
90 84
41 80
42 9
29 12
99 98
86 19
30 12
95 67
37 5
87 32
8 17
11 33
7 33
32 64
74 16
40 86
77 62
50 45
55 65
70 20
13 21
51 1
71 84
52 1
10 62
41 69
90 9
3 69
68 54
14 65
20 43
57 1
76 40
80 95
35 22
72 41
63 19
17 52
53 20
57 84
89 79
54 44
19 33
74 90
82 66
53 31
16 15
44 53
24 89
41 41
89 5
53 77
27 32
37 91
40 25
39 49
74 66
39 100
86 13
46 72
76 61
1 3
56 100
14 96
15 46
81 69
89 15
41 66
76 37
93 2
43 33
49 20
92 82
84 2
28 20
22 29
43 8
61 25
38 98
53 70
80 91
85 28
38 26
97 2
43 87
10 30
75 54
40 63
47 22
19 41
44 87
85 79
20 100
48 33
22 29
37 22
87 84
86 50
22 21
19 2
93 8
23 40
88 5
68 67
61 97
87 31
30 48
36 7
1 3
40 44
53 42
77 67
62 76
86 13
65 63
50 44
7 55
68 34
65 37
77 15
93 46
78 90
75 93
68 68
30 81
4 22
18 65
52 5
63 99
19 27
38 85
93 26
13 21
72 39
61 21
21 63
23 1
65 9
48 21
6 11
68 67
24 63
23 14
94 86
2 73
6 11
47 30
71 29
43 87
11 62
74 27
60 64
29 45
28 24
60 19
98 92
97 51
81 12
79 54
84 35
24 78
93 93
41 87
60 100
99 16
42 88
27 44
1 57
50 20
94 31
53 33
85 23
62 94
82 48
90 15
41 10
5 72
73 78
65 23
6 22
10 29
73 89
71 22
70 84
13 90
51 96
32 49
43 80
18 50
50 76
98 55
77 87
42 65
15 93
83 23
6 11
68 87
60 61
57 73
80 100
64 96
31 9
82 63
57 61
32 42
85 63
1 68
7 34
18 1
16 91
61 95
19 91
9 51
32 99
89 92
48 57
29 59
18 31
80 6
99 84
20 62
77 78
37 93
96 85
56 65
80 69
14 45
37 96
89 82
8 28
59 72
22 19
9 47
64 6
999 999
74 77
85 64
31 33
70 21
76 60
3 96
85 92
100 78
32 32
3 75
66 70
18 32
90 48
21 68
73 97
39 52
99 67
75 24
54 49
96 62
91 23
12 42
41 62
65 52
97 25
77 22
90 47
95 29
91 100
26 24
14 82
72 73
54 75
34 72
1 94
30 2
96 63
96 1
66 58
13 82
82 79
32 18
13 78
80 41
4 25
10 81
85 59
48 71
73 40
13 65
100 38
53 11
9 29
47 37
27 64
13 47
69 28
38 19
57 86
84 34
100 54
67 61
59 84
16 48
6 55
41 61
64 7
9 15
13 34
36 36
30 71
96 89
39 6
26 48
43 42
63 84
18 13
43 70
84 66
68 58
75 89
3 2
36 22
29 82
83 75
80 69
17 1
23 53
28 67
88 35
5 65
52 30
59 40
23 71
75 30
71 60
85 29
13 81
100 2
83 25
95 37
17 6
38 69
10 48
4 32
34 36
77 75
68 61
56 35
64 76
68 13
60 71
45 29
65 88
56 95
58 43
80 42
47 86
98 87
64 52
23 47
100 78
100 3
79 78
84 82
17 83
3 68
26 60
96 88
34 43
73 22
11 80
69 70
31 65
3 51
25 84
96 15
75 67
63 47
99 34
36 69
78 98
34 3
38 31
62 80
48 50
82 68
11 33
72 31
27 55
99 74
49 47
7 36
55 52
56 35
83 48
37 31
79 6
89 48
97 96
85 57
72 86
46 79
24 50
70 81
2 90
99 58
17 96
37 100
28 11
99 49
6 79
58 91
2 23
2 25
68 72
23 60
21 68
2 5
45 46
54 79
94 3
55 69
64 53
83 14
79 19
16 16
81 33
66 72
3 86
62 49
14 18
69 10
28 77
19 36
78 100
19 65
17 87
27 95
44 11
7 11
37 1
4 12
81 73
39 34
51 82
92 93
19 68
77 38
49 20
70 17
46 30
98 6
6 86
92 84
68 76
2 35
16 87
61 61
23 83
35 22
11 24
66 63
98 77
13 49
30 87
4 89
57 32
2 69
95 77
17 55
68 38
93 55
100 19
59 100
12 77
73 57
5 35
15 26
23 26
34 68
49 91
75 62
83 62
99 78
30 26
59 3
58 67
53 46
36 65
2 67
74 47
18 88
17 74
34 86
75 29
8 23
85 58
86 72
61 60
7 70
29 31
36 100
91 76
85 64
42 55
55 13
21 63
97 37
56 66
20 93
46 34
84 90
36 59
78 14
10 43
60 3
84 17
27 82
72 27
50 11
84 100
15 27
70 36
92 21
80 78
6 45
52 33
4 97
68 7
91 70
14 9
34 1
73 37
15 84
50 15
39 98
82 85
75 70
87 34
87 39
93 19
38 57
90 64
47 31
94 19
8 2
62 6
66 60
79 37
54 34
43 98
94 86
39 13
62 2
46 37
20 72
41 75
91 35
92 30
94 48
96 18
96 66
36 88
75 26
78 54
3 63
49 95
80 7
48 100
78 27
33 31
7 75
42 90
78 1
89 83
24 30
43 26
97 69
53 72
37 32
88 77
82 16
79 64
30 31
74 64
34 35
58 14
80 95
9 36
48 63
38 84
88 48
27 82
50 73
84 89
91 95
28 3
40 5
15 97
38 100
49 79
87 1
17 85
59 81
84 18
12 34
22 98
73 49
98 46
20 12
93 46
71 83
62 66
54 33
100 62
12 26
74 92
87 72
84 10
50 61
44 61
35 93
2 28
31 87
10 66
59 52
74 30
51 92
53 72
91 65
23 68
5 82
8 68
58 65
92 86
67 46
48 51
38 62
58 98
61 80
75 33
50 38
14 50
18 86
20 17
3 88
86 38
42 47
31 95
56 49
23 100
69 1
59 12
58 37
42 17
65 72
75 80
80 12
74 6
54 76
46 51
13 48
86 35
80 17
38 41
66 83
76 32
28 55
46 41
15 2
61 53
41 39
98 96
98 4
20 69
88 18
45 85
53 57
60 45
53 65
26 11
94 41
57 15
39 58
80 44
38 1
16 7
48 44
86 5
38 66
70 51
24 92
10 10
40 12
19 13
34 71
87 73
91 76
3 33
96 2
9 92
22 15
55 53
30 5
13 13
89 97
43 84
96 35
23 37
29 100
33 26
3 96
31 18
41 24
44 96
54 93
75 47
69 81
70 66
86 87
63 83
71 77
28 27
77 48
51 72
5 98
10 68
50 73
44 31
94 47
91 46
58 94
78 61
55 96
20 91
72 66
29 18
12 68
15 48
28 27
5 28
3 73
25 85
86 43
45 80
99 31
27 21
38 38
40 60
86 38
92 99
43 70
47 63
99 62
18 44
90 27
76 40
56 11
36 59
3 67
39 83
70 68
94 79
4 56
92 60
22 31
61 50
84 54
15 83
57 71
88 98
34 5
36 54
6 88
8 90
87 27
44 3
73 22
8 29
42 93
90 22
66 11
37 77
48 59
11 11
83 38
70 55
64 48
23 95
24 87
92 68
100 18
6 11
86 30
93 97
17 15
58 43
43 17
42 28
59 86
4 12
58 10
93 84
98 40
90 77
61 93
2 53
98 41
20 44
28 48
78 30
43 1
5 50
38 92
61 85
44 4
82 10
61 45
84 20
99 69
8 74
48 37
45 82
31 33
61 95
56 99
17 71
69 91
27 4
52 89
72 67
56 62
13 8
8 63
15 53
43 53
6 81
93 18
40 64
100 2
20 12
46 73
87 38
66 60
45 43
81 96
76 52
34 78
33 57
92 74
20 77
63 40
45 28
22 12
40 77
17 25
19 40
39 95
14 81
15 2
98 43
88 84
31 77
69 10
76 12
41 49
28 88
69 4
7 41
79 14
57 46
96 89
33 41
40 19
75 5
66 52
58 90
4 28
68 18
65 26
63 61
46 34
26 75
33 77
24 38
78 13
25 71
96 5
64 25
17 8
63 1
19 32
58 56
32 3
24 80
37 42
34 98
50 56
13 27
48 86
91 13
72 87
88 92
50 86
54 12
74 40
3 24
57 24
2 71
92 66
80 49
98 18
4 66
6 53
88 39
35 59
60 17
84 55
58 43
58 73
43 81
13 91
79 19
64 39
7 44
18 17
93 85
74 88
26 65
7 51
43 99
34 100
59 68
6 63
40 3
41 89
82 9
24 38
59 11
89 74
91 17
14 78
33 72
42 82
5 34
72 97
58 25
98 10
23 91
37 66
99 44
11 30
19 74
86 67
90 25
54 3
34 55
33 57
23 50
52 4
91 40
54 55
82 88
9 76
99 31
38 88
70 20
91 15
37 88
74 73
5 58
33 20
58 43
70 92
75 83
89 3
61 52
5 31
66 6
64 95
74 88
87 79
32 16
49 70
93 15
2 93
70 76
39 22
25 53
86 49
52 60
94 41
9 81
98 41
10 44
40 71
43 37
64 21
25 41
51 99
75 78
55 64
23 90
12 69
90 84
41 80
42 9
29 12
99 98
86 19
30 12
95 67
37 5
87 32
8 17
11 33
7 33
32 64
74 16
40 86
77 62
50 45
55 65
70 20
13 21
51 1
71 84
52 1
10 62
41 69
90 9
3 69
68 54
14 65
20 43
57 1
76 40
80 95
35 22
72 41
63 19
17 52
53 20
57 84
89 79
54 44
19 33
74 90
82 66
53 31
16 15
44 53
24 89
41 41
89 5
53 77
27 32
37 91
40 25
39 49
74 66
39 100
86 13
46 72
76 61
1 3
56 100
14 96
15 46
81 69
89 15
41 66
76 37
93 2
43 33
49 20
92 82
84 2
28 20
22 29
43 8
61 25
38 98
53 70
80 91
85 28
38 26
97 2
43 87
10 30
75 54
40 63
47 22
19 41
44 87
85 79
20 100
48 33
22 29
37 22
87 84
86 50
22 21
19 2
93 8
23 40
88 5
68 67
61 97
87 31
30 48
36 7
1 3
40 44
53 42
77 67
62 76
86 13
65 63
50 44
7 55
68 34
65 37
77 15
93 46
78 90
75 93
68 68
30 81
4 22
18 65
52 5
63 99
19 27
38 85
93 26
13 21
72 39
61 21
21 63
23 1
65 9
48 21
6 11
68 67
24 63
23 14
94 86
2 73
6 11
47 30
71 29
43 87
11 62
74 27
60 64
29 45
28 24
60 19
98 92
97 51
81 12
79 54
84 35
24 78
93 93
41 87
60 100
99 16
42 88
27 44
1 57
50 20
94 31
53 33
85 23
62 94
82 48
90 15
41 10
5 72
73 78
65 23
6 22
10 29
73 89
71 22
70 84
13 90
51 96
32 49
43 80
18 50
50 76
98 55
77 87
42 65
15 93
83 23
6 11
68 87
60 61
57 73
80 100
64 96
31 9
82 63
57 61
32 42
85 63
1 68
7 34
18 1
16 91
61 95
19 91
9 51
32 99
89 92
48 57
29 59
18 31
80 6
99 84
20 62
77 78
37 93
96 85
56 65
80 69
14 45
37 96
89 82
8 28
59 72
22 19
9 47
64 6
