1000
1063 950824840
4677 709470814
8281 716579957
5287 468640475
8803 134796157
4994 686913813
3625 446698588
581 201195500
4918 664648810
9184 132030919
5079 8769461
3453 307384390
6294 429742617
3864 420859236
2090 496043157
7997 360897206
6130 235972904
9328 748662936
4800 290364942
6045 595553756
6699 367596453
7558 525028838
2869 663735238
9957 610689250
5301 622718402
8897 80269489
5559 450281817
8653 836804797
6922 884065168
3941 376915223
7835 919375475
5682 874269906
1447 555467494
1131 939245562
5018 403441409
116 248754536
8662 634861107
6471 358354461
913 569471804
5724 971308813
6136 477723301
5521 410508191
9520 568551747
5021 778968937
5417 295536686
1412 423694119
7262 248139736
2659 761720072
8117 113425693
9739 499895795
2067 357357679
9700 815007702
8534 19957356
3062 894957033
9356 229371770
374 326562254
1007 990057706
5977 917219387
5976 694810915
6800 294577822
9382 233204164
9604 756658406
3694 511835729
8176 286896074
2376 621505801
5095 143911793
1141 404045955
940 747989473
9554 260843741
7772 920609167
3682 185831972
1733 568565549
8840 847228299
1631 722225557
5296 593415947
963 954922808
5372 291206929
2530 644764592
8363 770385190
5531 113636403
8149 992161766
9170 485514395
2159 566999915
1634 369800545
1808 224655417
9091 364330832
9267 315790841
4326 190991254
4698 327388169
1157 222665969
5221 244269101
2978 51863835
4133 124970495
1954 626522364
7643 730868300
1564 978782806
9847 114725972
6388 112428128
7640 611817006
3822 363218258
4497 981510345
5773 31445877
3915 659188633
1197 57488856
4334 948457363
3497 3487811
9495 229535888
2738 133837197
7788 561345964
5907 907969649
6295 131890323
7905 429990837
9333 584706500
5975 262686553
5582 788656168
7788 862965651
5079 40234901
2087 498392414
9332 549815981
5802 589339804
2207 858605350
816 145656999
4640 153541070
3835 833814400
1124 198741279
5704 504334855
4858 508304667
4409 248795657
6964 623201888
2575 212595383
2052 876796961
9906 429084484
1228 481562767
4384 605846333
7914 418511559
6883 706441871
6149 435767866
4067 14652592
363 775306728
6642 513407275
6275 115942957
8224 962614650
3675 394157870
7887 388405400
9631 331716453
9344 922375048
675 715029750
2078 130236946
8757 354209337
1350 840613139
1379 683219647
784 200420472
2946 270366542
9825 105215783
4551 904198232
1560 293350099
331 106894326
4598 241620849
3019 687984942
1564 364484986
316 642263368
2255 335299784
677 650075905
3815 716917422
7481 267910599
7822 850227634
975 463867319
2967 111509543
6802 726336171
7121 25989379
9085 365009052
9549 547538088
4430 514026359
4545 536615881
9490 682619784
7740 711888149
2384 392746694
3697 395343593
8493 720289387
4578 386289778
8340 860738542
3882 269804527
3582 254662736
3784 837230532
3873 615485899
945 814132738
2465 895035355
9054 651493042
6327 624850733
7030 616817639
8008 326398227
6863 444621248
6443 559624253
458 813911594
7684 137320042
1270 655595429
8047 273415620
6514 94587678
5002 552272489
5968 494541378
5512 957412119
7482 379968449
634 945757491
1603 113900221
7994 575460422
7386 498159630
7450 506739518
6600 357723302
1726 583904106
4495 279808498
6783 697798391
1563 923532715
2865 76754879
8000 472079063
7425 215190611
542 436023477
1489 699568654
459 310365010
6160 296972743
3207 378754585
902 568358494
9220 457711751
4931 523940159
6360 447988505
2950 860524285
2633 611577407
2354 718248803
2033 361723981
9360 807529342
4453 256627309
279 671977009
6725 487525499
9981 981136437
6685 618029959
2981 383691832
5644 227264431
5367 277454227
462 43116640
5255 335603562
3497 605114363
4286 932198677
8789 86506316
9535 519217943
3178 116768397
3359 645119603
8925 781135755
8312 165483298
7617 332446474
7186 545364336
426 806057376
1456 195290293
1643 368691236
9 713343909
3583 607640594
4684 142829334
9741 395901946
8415 305805773
2866 621319995
59 971492193
5649 38132268
110 324760854
3126 136624977
3731 686220150
1393 756312807
6658 521872535
3555 238205353
279 415043446
549 723272357
1514 386707790
966 608194203
1310 822001227
7352 246368153
7240 385392409
875 44247705
6416 987299062
970 858336215
3383 42864785
1759 693226105
1293 564535051
3719 718407673
8148 579975486
3066 380998745
6009 264153044
6321 589570
5282 145097739
6903 80149799
623 392120098
5552 514254171
1544 265909101
2870 981476430
3327 521785547
2820 335453586
4152 843901543
5550 23580454
1611 657897972
686 471138904
6609 330767381
9864 217533214
1113 903577017
6357 496963263
8560 440990531
1010 871720286
6578 737632228
3605 110577387
4455 604752339
2339 934484115
3208 322496366
5275 403360519
6263 78245861
5121 223893582
3935 132476289
1200 473507226
3229 280879388
582 746359357
3021 21365171
9534 931433148
3445 54675682
4541 21814714
3321 568009986
3926 820273790
1707 166616942
8323 434385069
18 973803608
9566 640208638
9225 215039728
5918 218864101
1845 339326893
6358 517784266
4380 697479239
1933 628208126
5353 295963096
8622 721215638
3757 691679223
3359 523358770
128 397575739
5240 90775085
3756 529365847
1874 663119518
4818 789908489
5680 869931608
5510 219935322
8591 288568336
6231 997361833
2448 282325552
7901 143384556
9076 35645596
3691 867862362
1685 29933223
1810 708955483
543 486453388
2570 38025382
5350 865584317
3762 683595164
4323 858107834
8721 962502042
3999 696748210
5258 982319015
6306 578501798
9973 161809177
9951 360724905
8360 810719526
5656 478272826
5099 529885351
5448 350345375
3753 298265598
3326 749507156
8906 769707482
1882 388778991
152 71551029
8833 892691603
5641 847403354
6797 437187652
6454 295446466
7152 590791024
123 651102151
2920 15175398
3468 63039120
6586 947332146
2216 73593386
4097 741349567
1531 555015286
3012 530454823
6496 647360985
8131 49028864
9453 976298183
8663 273035200
9950 774902819
6138 314097270
6063 202256298
4165 98920418
4576 651343700
2467 133778030
3923 626915808
4698 980804611
8585 692716297
1101 809144966
8480 162436707
811 662463593
8150 340420896
2988 983908875
666 964622625
9121 229945510
5360 225410578
6561 385850118
4122 703016454
6847 191672589
8413 361936882
4997 910948843
1080 242444000
7332 497509657
9114 331063682
819 680931907
5761 878959293
8360 376996028
6572 588913290
5667 417426120
395 699473203
7862 553772260
9839 271835218
3963 929472733
1233 767334413
9313 16319686
7043 47457094
6350 86896029
836 752517984
5389 824348744
5180 96755062
573 143307867
1871 489134743
5042 788784373
2255 610774691
4883 443821624
6737 644264789
7346 580982049
5625 36953103
1838 446535869
3535 714084093
5900 516124367
3282 204517802
1165 555962872
4549 175275229
7280 821605721
9160 342884627
9935 199500935
6762 608052427
333 695141246
7525 628458026
9802 405006162
9333 670632460
4948 135390589
4178 31266296
449 901721531
8380 136890961
6085 580151624
1088 843021650
4564 278347626
1914 302041772
3887 635185613
6403 754382624
5044 541021482
6143 508015830
5758 938253602
6514 307720700
9005 288420220
9764 424805992
8405 225992675
2489 382763209
1714 837364628
2421 23923606
1581 997878392
5963 964671329
8913 640928313
5356 21049543
4386 4120761
9143 218942652
691 818119962
6377 893638086
5284 770328424
4452 402493872
9319 274668786
7375 907617907
5210 498612631
7419 425352291
5040 441876107
7132 111222517
8569 253993448
1383 230583155
4163 86704992
9810 322136511
9976 463839213
4185 648433986
5043 199859417
2314 470506951
2232 879760719
4533 138973306
1266 652663339
9878 150899518
1547 759531189
5205 5578483
2368 983632871
2338 936485465
2366 849496755
2028 191501859
982 722700338
888 309719725
1075 906132049
7430 961026066
5788 206315766
9675 564426848
1167 329800561
7899 80781468
2339 997928703
2961 760397543
905 257521147
6534 584699626
8124 555557593
4716 908628529
3043 154859090
8305 544735100
5292 503794498
87 747907884
7191 216390099
4923 890544489
7097 663919200
6127 746181049
3195 490766691
1980 715441440
682 229477720
6464 865444274
3611 102137842
1965 542549246
4822 88654648
4594 960081531
7218 829350075
3668 564049307
9889 386510196
1172 272283345
489 635569295
9772 811117822
6548 679259816
1453 898434595
7534 372584571
6144 649920627
2825 72225064
7350 69960557
1583 45779215
5828 899030359
3361 507423451
4716 471602933
7654 526443375
6081 191490192
6096 795111207
2431 641592063
8834 333223563
2652 117862425
8571 978174028
322 780682942
7665 966945631
5269 171018888
3259 901170988
999 274513078
1218 871979313
6347 142747957
4692 436770402
517 460908378
3367 141573870
1046 311896916
5285 258439422
868 790715769
6687 928494019
5617 388250578
4123 60317131
5238 278535700
321 214782719
2398 853128009
5770 341098247
3279 970691935
7321 473926726
5783 435320317
1211 487309055
5604 703596809
9864 570129901
5977 729007652
4007 73341142
3104 725112067
232 623142500
847 779971646
5961 171278464
7078 65574527
4232 70742993
6825 205120664
9348 687073154
3601 862745756
4395 798838359
6408 58677201
7340 315802156
806 798474782
2447 427443666
461 418630809
375 639059460
9525 133848465
321 278237859
4477 829854346
4963 474007807
3496 768353399
578 914900004
2562 833757278
321 50503737
3143 422480393
3848 211712147
2956 94482960
7879 80669246
8967 577538342
470 532831396
2447 750059019
8518 372095169
3384 550255959
7716 904758965
9220 996744133
7982 671545628
1688 650850263
4048 905902835
156 789066580
9121 510008095
9164 651624208
4350 382738829
1505 700565735
3615 257959280
2673 971387387
2637 703262934
9779 812582232
4768 84553624
6149 433119050
3074 526362693
7737 50514548
7171 630118449
3805 646935041
4728 549416835
8754 806900121
9476 293759049
8342 796697828
1148 103044409
8221 509801854
2361 999900804
6721 122851275
4853 838774457
9553 403670710
8537 106789200
8664 166926099
9959 669723723
6735 240837814
102 12131936
309 134308136
73 733481745
6255 169514612
376 576513117
3910 13452237
1626 944639473
6294 962088695
545 512392524
4990 456075869
1512 991013390
7144 296071806
5933 447177766
2437 773894175
6655 203663478
680 391002631
702 461025660
1004 943500803
5056 816046895
1131 228768108
2415 633909785
9037 957871671
8369 913051777
8224 11386701
3689 805801386
8366 799305209
7363 82915120
5902 295335885
2081 140073806
3995 885398184
4040 905202893
2098 128796504
1217 339540851
3984 339099804
993 16436926
6115 520631694
6051 810649811
2873 9853188
8413 871902880
3190 833728214
9022 57280948
950 813786076
3453 845757253
1895 649270665
3177 283135599
1649 851158272
1983 677307867
4932 119777535
4588 231111091
246 428240220
9856 335002823
3168 160668981
3840 31327420
9985 751720360
9493 396996447
4724 348499523
1241 678491330
5844 777740521
2706 753622762
3668 281098028
6175 202474591
4789 103601036
7289 726260183
1782 473336763
3655 922177810
9663 706603466
5386 694685662
7882 163601284
6220 560637419
1039 77005020
1520 694030512
8250 726519323
3510 593751062
2409 52012084
1670 324271996
5967 395928403
2661 370158954
2389 1699957
3852 255827127
3174 22824244
4368 581811826
18 349615886
1133 455023100
6961 144986820
5103 933886232
6522 69247244
4038 470036820
7438 900370221
8278 376897696
2293 243230761
1262 806221935
5996 881831102
611 201988912
8487 293027344
2253 581460208
537 819822884
6844 800819888
4163 513127433
9916 861306950
8903 323976668
3486 73306559
174 904991243
6471 220107021
1848 454769696
4848 678655054
9143 539962715
3283 605778103
4986 18304025
4951 825230667
951 884372567
1660 835348064
3475 474871675
8501 881750305
4611 573224792
7762 962982574
4155 772698553
693 781742299
6955 812621864
1692 146547862
3349 744269317
1918 193967268
3346 108682602
9127 673150686
220 126608910
1248 908351123
3567 365552499
9144 224934594
8685 559329075
4663 302957294
769 742531948
8527 315088242
671 944978477
4530 410618002
6260 753901575
4430 62297497
5458 124384597
5245 479682867
3496 56518471
7863 144812811
3339 345068412
9981 213002018
7170 47217745
6726 48072048
4452 825596544
1063 400558011
5253 648306251
6408 265559042
7551 199544763
9927 760280536
3729 509383444
6849 329291714
9781 594194628
9747 350252736
469 363238770
1501 289742749
4900 654921406
79 375950642
5162 478489205
6520 185862315
5663 855574508
3204 506395153
9684 166920812
6070 5027756
1024 414029200
1966 748203584
1782 557093173
2799 225557526
1732 612291447
8831 347043197
5954 643908758
8734 983302742
2644 503186795
9002 564260511
8373 201864739
5382 46399853
4481 776603358
8613 828709554
5680 756532360
1546 503597584
4964 631672816
5637 108021092
3728 267714187
6103 91269424
5260 875481232
7974 399341623
1632 163402250
5221 434835616
5004 44172987
5339 325874514
1036 410016373
7980 400969105
3764 355277691
696 188238902
8341 709758734
2083 436702225
4423 685816064
9203 603624246
22 296148822
2355 413461163
1404 255352459
6550 296346055
6718 321834833
1695 340049364
452 819908495
7944 603954103
5082 44203467
6584 118351077
5743 664054588
9360 763742339
5335 830291114
9844 663532050
2317 768784539
8361 827899473
1077 80697885
2588 778781285
545 682590172
8958 260475980
2859 666416335
4602 541856999
1607 881321902
9263 781196718
849 332124573
1943 766847494
1066 285472968
4715 301102088
3958 4335000
9319 988039091
3550 236371793
1882 261377158
4870 30464025
1595 797447696
9331 847811552
1525 559156885
86 213337770
4938 289269124
6673 806771179
1490 418253052
8128 51400219
1747 648989623
2417 658689373
2276 173752366
1555 510216987
4787 507136026
1187 903353350
5035 20267174
5996 206905471
2589 526380157
2055 164840680
1463 78519840
8859 975201820
2906 567514150
3313 347529267
2642 210333878
472 307411959
3006 338531704
516 145787835
2945 434125104
5663 739846754
2251 602058460
3074 757841266
7221 796283759
6102 928262772
8301 503196356
3296 291113970
1467 288192450
6618 4703802
3351 275323016
6919 831108678
2950 897115190
2926 93730067
3662 276460707
4144 323245110
6716 35115255
5189 814049605
5650 946144490
4585 445078072
5249 142770091
6285 510547508
7336 427177980
7572 995036615
3608 406933897
5633 43429414
110 943399947
3541 108005467
6890 922803478
7498 121561746
2822 604845193
440 682172723
7935 818198121
4752 67864055
8279 755146929
6732 297613500
4807 686515725
9517 591652482
5358 705644475
3327 156457664
3853 300343323
3025 234256899
1361 925745784
5355 605623406
4468 604674704
479 277685085
6677 996737126
3208 297348521
2207 655532981
827 300638916
164 539102564
4895 643811685
3172 101166085
7 33784980
623 235835777
6831 926882811
2258 287242711
8912 843834776
3401 93773825
9686 582440202
1137 180335279
2859 646501388
544 484769438
1075 78101660
9462 709431278
3378 800552367
2227 801347701
3562 487469359
6894 315744937
3606 374032700
3291 488213519
2842 466515385
1004 737244747
8182 792550005
4949 71338487
926 333693253
3507 378518529
544 102707810
2174 609862683
4565 667294034
3319 36814725
84 492329805
4754 919573898
5596 305760059
8793 599474379
9562 594871248
9378 942363232
4529 654501186
1332 675590755
8559 153416295
48 31853715
657 270846339
7867 962622047
