100
4
1 3 3 2
1
2
16
831557 489892 85318 449541 833498 70382 875294 860628 324791 336748 310809 793631 423504 363211 906517 249220 
93
927738 974740 363240 62873 847000 800844 547365 486386 165025 300469 72654 396810 981549 622262 322662 8896 78876 588723 139205 474823 409135 41198 638383 298975 149426 507109 514840 639165 532016 355200 311139 322037 699425 527701 922692 973068 77223 193312 110926 138259 997769 437937 450800 928484 576665 461048 788357 995517 155744 750372 204483 733493 832543 951922 559109 697560 504626 749198 339763 628967 255894 860449 138568 382788 246874 444398 878390 653750 735028 704705 395290 342464 993561 162513 635517 724202 99273 477090 827088 251333 903518 269289 189583 294037 173594 426576 812673 36335 263376 732003 170000 861228 696610 
40
70739 685631 24884 941792 510241 395537 636432 884210 186566 748131 855033 885069 976925 629036 5701 605404 579203 133047 836979 865562 988704 426561 26134 779091 976484 162990 98224 74688 347341 880170 223060 90704 386968 942300 399219 781631 84083 958239 947055 903203 
53
227287 633466 701030 428072 92588 314898 467083 693328 528701 713235 543621 958592 445650 413114 768470 190108 208356 208515 306214 478340 669706 622472 552875 73251 788377 688321 297316 843475 914634 905869 437790 844975 594041 378493 65451 891252 814423 944817 81201 544365 221057 422588 532599 990797 286004 184562 855449 58246 185271 800654 238544 489034 98688 
73
385483 381196 289137 773972 466548 100228 948519 617376 663907 959310 225457 103173 608695 432917 656522 312447 19368 925162 715716 597005 547587 891635 963208 215493 192811 835152 474710 964195 228441 386262 539376 910687 645752 889057 290860 83278 560282 506917 252588 118737 859902 398443 628873 31076 819580 931929 277588 557009 194154 250158 577254 727226 754261 216331 565196 639963 804341 114455 434652 185916 56364 747100 396692 826195 512897 80751 484983 523295 247419 499683 871066 747867 852438 
30
798914 745301 599994 716289 584757 687061 111159 978125 742423 686270 429992 472647 928871 710601 154297 385821 374928 313234 485 633392 947725 923397 330320 218953 934031 339205 849352 584843 889666 107380 
26
867899 384725 937499 93394 484201 378150 63672 149841 993579 246819 314825 684139 367960 789704 672425 584154 769890 704703 404604 894500 598733 132584 664490 980113 824369 7351 
41
227873 215401 485754 416195 509710 647843 375449 162896 644141 100599 273790 705942 442502 233 793925 121965 669108 757276 709095 398718 132059 488169 706967 344179 372329 276624 70460 523376 162925 608748 972343 760200 955992 578070 250759 512129 255406 976918 713057 810282 596593 
64
599859 952913 356038 853674 480026 554805 733083 942173 888184 384889 108595 381032 227536 913925 754799 324971 895765 336115 53489 597979 55372 565562 229296 665426 987946 796257 156523 409072 421275 469203 460988 39961 656468 947547 408278 876201 272333 485110 335304 554606 909485 323198 635760 126411 314294 759445 529656 651677 676844 924956 683055 319499 954509 517646 9614 256828 946464 854098 816254 709867 280777 524905 193592 499548 
71
755881 833572 32070 279423 139547 608700 812014 943742 979492 585821 486955 579303 823261 747855 3223 788278 175227 173735 460674 486529 209961 389115 808802 918354 334964 693299 883733 883309 371935 326544 420979 903083 756574 376470 508680 307591 953396 228274 527998 404430 414319 320162 644746 333507 498084 614215 128998 218265 965404 246099 20505 889688 339867 17660 797115 660307 922747 695783 699065 994335 816768 808912 186421 302279 467623 738619 693911 894530 279766 696412 567801 
100
676114 461119 181023 766501 731894 197699 599491 185256 692582 921187 467349 268520 212735 836357 816165 865093 294452 969875 218245 526035 920336 592279 30756 922239 319317 668171 808124 249475 379426 96780 258007 357630 661059 91350 825170 718551 325710 429735 920642 359976 772673 527424 509773 442735 614936 983396 249366 586519 102073 8575 177760 451304 972379 978599 583936 987225 301094 239039 871225 706498 928979 85485 308575 915746 659603 357586 570029 46911 826154 99844 545272 884896 474995 460752 159958 590403 696675 403644 926589 679007 402555 20880 797863 321640 145108 820793 905072 210544 337948 697252 247710 921883 188244 694271 594975 41370 707904 177163 549296 265077 
91
122591 265424 435216 918999 310498 961020 591629 542376 660256 999116 858069 606368 453352 117581 327427 96822 903423 310641 852263 647787 790921 22014 383222 536740 513366 960163 176799 34434 502354 955843 455838 793629 673314 203774 343551 206310 955912 702147 669004 347608 227301 472597 651050 870087 537381 476508 676165 438816 453418 986170 716136 612070 281724 199961 502204 195067 983850 195781 182293 338178 343018 878930 528714 727038 984893 636909 61192 963089 157106 717494 579739 665249 35206 845337 872132 256647 268951 460070 377852 533837 334368 260278 932685 242080 12155 766617 661031 286366 745900 188289 139921 
44
120746 536415 124685 270281 240120 84144 534087 725026 536241 707460 700199 348358 260331 482125 690559 484726 392034 578245 831395 427628 976160 667651 280885 339561 78012 623238 368953 366135 955439 910678 336070 285359 173720 256639 879790 707200 412633 526061 75018 810450 849750 295628 778335 319732 
64
251683 313136 955785 171491 798208 879559 569724 548602 63837 633753 918412 492412 689468 623192 814458 46344 599183 560038 174173 325585 371788 239050 501693 240689 595062 321344 681801 629904 97268 607104 687338 894004 458312 433855 928681 90438 745302 272722 474890 487134 975356 599060 738145 38058 500119 20701 317078 644472 638692 557635 478181 265484 272185 287864 289734 541054 787605 37691 99167 609099 122110 958165 109695 988595 
10
694896 693846 339757 871080 17349 798726 612826 957150 140464 889448 
36
941676 700467 564245 192564 652980 761848 557288 56205 148974 52484 546901 686314 893196 157985 360523 851058 454383 682576 511920 671450 5673 6055 36928 490805 964720 230063 864989 188413 788766 95420 462266 621089 604980 325959 376076 27060 
30
263891 952115 986803 554066 923579 981212 430635 659342 699974 38845 810659 720024 935410 525572 867356 479222 210680 330262 973255 759438 362136 658744 455931 666398 704237 66973 706683 313985 111831 387920 
85
556638 499457 366799 994654 555340 973214 48252 734537 28976 255612 175034 387483 981987 301159 628627 158879 441941 622647 221314 103970 703670 460292 751395 158495 583319 150793 576347 878497 226259 768994 165679 781629 954953 814269 692551 531441 289689 191774 212066 88529 470030 882226 561926 244726 315721 819199 779649 31186 630918 176998 478508 68520 975880 409353 250873 581227 600648 261706 582913 435876 738833 367221 146916 184449 562932 175614 902760 658960 917717 200001 544857 348909 749576 447171 750044 838391 2457 215621 353351 358877 506468 127259 410012 870811 282241 
54
475193 93114 752447 29314 509722 662243 429486 213850 774761 56517 427119 97116 231334 718046 55448 973895 889039 303371 4810 289983 132178 728875 148148 381856 977116 141948 676312 235266 926551 411214 478506 41225 756753 808685 476085 460650 38516 554119 993921 387285 208610 986580 76767 52616 63505 230152 985744 163435 537929 799841 907894 801388 565191 881926 
88
239519 55700 922587 382855 921533 83202 75784 368221 517839 958980 501877 730968 944635 831795 457398 716540 268526 762009 779922 87457 556509 37646 386280 298724 675987 925414 197572 84261 987317 711465 488261 183542 819410 334493 672672 832123 976860 628672 806916 541885 536272 103742 276908 926579 421740 155258 683505 923953 525160 763478 526542 16546 470961 72991 627940 293508 923726 521063 450948 481447 942444 836384 536651 440358 721157 338777 144391 641921 599527 589585 502958 610092 159912 860532 574676 415737 510776 452132 766141 812375 700404 925471 496632 382579 212362 450908 172097 594119 
37
591361 632866 391167 776541 78454 159710 606803 630825 395997 935770 164415 936049 11987 929332 984849 571403 431273 395740 420697 218075 737390 108454 616025 437872 133182 351292 899691 570907 468892 948463 345814 677075 13862 320970 428366 734089 308638 
68
296433 970157 551461 750319 680837 459069 942999 980326 768991 531807 938053 236039 311011 873108 668846 111222 419154 315987 171122 443148 969798 968481 709604 747616 696930 9431 895599 862190 170290 135620 677603 333642 610411 852215 65267 668710 366170 226253 411376 8637 804776 784642 290545 155074 627272 700431 593785 171864 135087 297511 970988 625679 857658 739995 970372 21110 879029 578136 448364 643677 507839 373220 102256 638842 87075 662279 684640 127974 
27
907141 510948 577343 854123 607926 289614 975447 9758 840597 538946 389292 469728 992172 805505 322586 461349 292178 481896 623806 530123 893642 670687 442133 398858 535680 898169 632095 
33
448637 850977 500321 692196 886312 64147 392690 902394 525502 951067 691352 778993 892874 179730 157307 73425 665672 954035 592255 635101 45456 150324 710998 301309 908057 381063 141702 326234 342080 25891 358978 2035 432785 
88
573164 510069 171615 412962 978952 60255 116489 961421 62822 574825 202103 924 179151 918091 747467 671108 421240 97284 135093 379772 571618 343181 883814 49325 630681 88709 970693 732141 913181 820810 571802 661686 621449 248965 446820 415387 164831 813217 574740 765118 838835 832390 890662 607603 498970 790765 817795 603188 303278 972175 10218 207263 148859 148544 19524 266648 512553 464505 704496 449028 43751 524878 878694 394329 77840 600933 217656 202273 242696 39362 146909 61658 667668 53145 328976 628544 209759 382378 188518 321665 782556 907986 953359 766458 430884 814566 377260 544090 
26
673236 779231 337677 258223 510468 989081 246770 347696 550646 43100 913391 172240 64171 616217 10842 116615 619033 26565 650734 83672 242895 530966 265060 190839 387349 300268 
73
494164 138080 899442 22357 357406 508961 590763 693306 663569 165624 590277 731416 674394 417113 963883 483283 515048 301153 213695 533283 800698 749464 572677 191488 275387 272311 576550 613745 238098 923390 169743 389676 347378 810800 258244 394778 916674 821099 274801 621154 927470 195784 375530 81150 115665 346860 160557 600212 934624 373177 700411 673694 544935 227203 236064 66251 18067 16681 774267 606078 58150 956828 268186 320415 973352 365994 354493 654700 622672 954455 204657 81673 907350 
4
893233 446049 914189 77980 
52
340358 433958 724652 480458 510853 404763 833280 805694 246798 963772 689499 391201 452509 14130 587768 700920 237794 379339 422440 626720 726419 43231 923952 92751 957029 564316 792219 460184 343367 450958 186969 429084 587490 967919 87924 214399 181375 749039 757324 690853 954599 288853 362590 530472 316495 916337 744693 159516 358507 43187 410461 466671 
9
525719 287791 666656 464528 77618 730118 515276 626810 405858 
69
238502 655834 308959 174730 152473 863425 999405 582844 275069 195776 818259 24767 202837 466192 604424 619731 547344 49384 742157 671660 172213 22829 955922 133489 278435 581354 240529 284205 414835 598801 938771 655164 965068 736714 305526 887029 269667 700101 798589 761947 163274 255317 850791 290341 313499 343044 624006 812017 432634 728013 427231 487640 454851 747621 323466 232481 61472 113109 286386 96519 147861 389044 373385 464858 712501 311636 898655 757546 98580 
53
164795 102011 429806 219146 953066 28167 623118 266341 466401 681864 115755 708014 966402 717387 979812 198468 722496 417194 185859 195005 824254 420926 67055 396376 195951 853823 583730 336575 189266 532265 162650 141994 466391 186942 881903 943410 344732 217991 354644 715583 600099 978973 284002 863623 234746 127703 166528 913005 584673 649341 685907 694459 502287 
31
162797 294338 596108 865481 193738 737721 853036 748323 306693 17328 223634 650349 219381 744292 908521 649095 523790 490719 315577 676419 927815 709328 858874 461231 952111 716958 238069 666199 989948 512916 417488 
34
642687 799187 731403 926611 678888 516389 737058 896332 649858 544329 96050 541589 867600 135393 248797 748426 14768 868968 18644 336327 18559 604780 133262 299185 675555 793897 300524 269148 672515 627970 800466 609067 528003 380417 
64
497704 616509 529709 517778 409156 809840 922031 783958 742562 16624 724000 742815 416576 551017 722911 159316 603334 521746 449230 394390 525435 364074 195402 794713 978104 215901 949909 45580 738160 48990 881597 819319 791170 934171 745897 473203 672031 645535 903948 290434 529900 994705 224536 652291 625792 653943 768095 686937 628353 23345 4026 424637 731540 921076 220938 284111 536667 784311 249454 673063 513832 52249 963434 273129 
41
503581 504345 326812 472898 724790 119733 707275 281633 494201 488777 310205 795573 762317 699972 604962 262305 302302 659957 405798 875879 773353 144322 143978 987125 410834 939246 878808 674381 832267 655645 743212 354975 261920 454968 637105 246639 56782 52925 542416 973801 148638 
51
891024 825132 391050 243398 907775 631975 826683 618573 939451 882077 622106 176620 551525 378659 239225 903165 317390 811321 660598 50062 438361 636853 844466 358240 915130 896615 568853 239805 740245 330364 346738 264650 702132 784701 722200 815266 962589 635814 955930 578610 484281 609967 818364 567857 571149 116296 926460 62295 405340 878069 681341 
36
796261 403769 493030 767330 859301 126932 702762 120123 750117 523478 20148 537120 604694 218276 378869 915622 368546 128842 418426 154855 20133 615885 356731 550619 145521 337645 69173 909994 5444 200680 888265 658183 408892 672226 916134 175400 
58
207878 754879 567749 246229 51368 777527 213632 668492 721772 182275 730129 404144 725309 351653 491168 395854 952436 285033 678628 381153 421726 904627 263969 948471 806945 624054 553903 615920 987727 932258 885920 78012 249794 109338 415506 891808 339633 731406 11893 372520 926803 757874 303629 158697 494363 241230 843320 56114 583052 598297 549350 97844 684780 417551 605348 11632 984269 555699 
18
174901 491859 574945 56506 533879 377398 871846 872483 127986 729359 192362 307660 633481 953812 597302 324064 392469 23986 
50
986638 918678 835945 750573 517840 473289 450374 981333 448272 201339 351855 420116 245719 667259 306565 652954 274402 890991 537468 596439 97551 970836 861455 230446 806015 991920 318507 783162 31426 569582 721643 943056 278709 575873 956354 369266 611393 145505 48258 130618 611467 980794 608196 780381 577654 405474 942923 461051 275625 968925 
92
363074 616990 312548 608650 829025 102324 956417 845603 32399 617270 396771 243822 690988 924017 786468 733135 44548 288306 501155 409030 79665 669605 448438 307462 215374 863532 364155 149641 121468 495423 746255 252361 153696 100101 819172 51273 524941 69036 998190 526446 637304 267128 453961 882336 589590 863027 34185 535538 63913 191261 958054 46196 548271 108748 671827 839091 130787 309211 676791 665706 336565 875716 980600 228452 235897 748771 531653 809345 228498 280858 471347 528880 174045 106691 189025 298689 223885 139391 293955 440203 127480 39804 310083 38557 139800 969149 474039 931296 47509 974150 302400 54909 
48
863558 562358 481273 79628 476203 744080 826336 75964 946850 958195 567459 15535 520211 828702 688049 730184 608258 139753 949185 191402 345745 110087 906185 87739 858612 699332 681850 169523 536465 370716 56761 107960 205589 388956 926929 448046 752355 560182 353208 792185 632417 426204 471719 59866 161924 717520 852983 888488 
48
966206 890228 265118 917706 475371 316419 845817 162084 435505 607789 123968 916033 132367 831534 150277 572888 288156 755889 6761 568105 994167 272244 777156 753519 590543 887988 905234 964444 309801 334791 533377 561074 473482 962446 582811 632635 848280 262486 541167 911189 94004 991853 514241 630303 61391 370231 617070 481909 
67
76105 557903 498487 369532 261626 721146 908262 543251 538239 231386 407797 398708 196772 913248 180162 942351 47763 338821 68789 126590 277925 184306 725932 890512 156545 663512 454617 726533 413480 483308 703564 624861 47753 707256 250419 662730 109103 818830 675453 911150 957632 721483 299435 924074 276777 602428 431247 12147 458409 799238 141075 970387 133147 85704 848023 487889 443173 105602 356733 534039 611143 532078 906821 596473 119899 373356 139122 
92
805536 864255 381367 913394 715291 186886 360601 270552 347602 416472 386717 822277 387537 240587 943027 834057 410752 307137 224931 264492 594499 146445 162375 72584 859461 694565 882113 214126 400554 286667 415676 743002 611750 170951 58887 645592 654865 51071 5869 913574 548125 390353 210457 792131 840330 939504 911292 604427 660638 299704 628423 407948 58552 145394 760043 231021 357297 557812 638680 683573 138445 526981 610198 659654 933567 805830 772006 990033 355082 317722 816184 831010 786876 773980 864723 855071 892484 405156 793201 981792 975901 311567 937894 603406 888021 433394 531229 287510 258749 986843 192162 255208 
84
138756 120636 531797 834333 506213 303168 136260 634306 75593 802097 240358 410708 458904 735568 682898 142671 304123 573775 440386 528889 264153 303284 218497 144534 992110 247618 881385 313372 712677 791247 383981 951245 500679 799923 14906 696474 147694 594860 17921 408135 380532 341420 374313 120785 405466 768287 2631 667530 371296 302770 564366 537553 798694 455566 927063 422256 663932 825346 721728 217874 925407 308064 554333 362031 139377 907004 771188 469818 752918 201417 724133 586444 227254 496831 973310 224200 515580 739479 992707 604824 991686 469724 977886 235491 
32
94466 178555 547526 317141 684462 183451 864764 462851 428337 978095 731874 708189 880709 680 474587 506586 834951 374608 900133 966094 225117 432491 721633 219900 792176 44630 419988 466597 214638 443616 921653 739006 
7
605063 703983 993169 533719 587943 77992 487321 
6
849494 74343 606063 815559 468774 724741 
10
697535 308490 770398 38241 932964 142687 792286 282531 75676 244201 
86
357012 117038 340117 651115 628154 852504 547745 453749 632665 145231 789613 246394 748358 558072 922998 471997 753634 939043 41278 158142 464611 876386 730579 807928 991111 324300 157928 549805 508998 660107 184031 11385 775980 333743 58855 370363 714284 141604 750171 998227 215226 884736 138344 380188 977578 761802 643828 382332 860810 815817 815941 7110 421163 237421 382614 195827 635236 220509 184934 485916 128915 998660 642062 391452 140650 710297 670224 72669 821990 678649 99331 944610 99831 35914 564175 514877 135342 709248 947413 120155 559603 223487 377465 669439 137574 615121 
27
788008 383132 21039 847222 179529 740544 241883 474659 662978 421772 719376 802354 126928 506511 256995 852621 723724 865481 388912 834005 868959 816917 298322 263652 225255 160963 380156 
44
792309 853128 203246 833562 536378 614622 798443 346681 847528 70160 592395 136809 675012 766730 49781 217915 177200 731467 97775 419120 344010 589853 162905 496824 222516 666166 934036 764394 276117 644327 498540 825580 446807 965914 855101 770762 419938 540568 685377 334215 38205 997719 546269 485304 
32
948821 181255 463108 581604 784734 593992 519142 161276 36914 978526 979709 437451 23521 371487 543073 41024 536695 392674 310055 294051 166095 557692 176156 662433 981104 766278 258520 852045 52406 552616 737195 134988 
65
724402 320512 574142 873898 425474 817403 450514 540125 150856 208355 263501 205052 511378 90171 124084 85489 173186 918094 217278 980998 72809 527939 498319 92475 855302 928771 47128 184800 783045 308928 362576 485029 821691 785804 161787 570632 897161 151156 312734 676668 718308 548079 23589 151880 359692 442952 795219 563753 335020 737043 892436 855196 672326 684230 279855 495187 870447 987493 424806 434833 917495 401426 312474 15981 487788 
72
750411 153217 649456 383181 37008 966366 525459 533712 172838 150565 125862 41752 625357 678140 137356 718412 181286 801806 413871 30852 797359 221285 102431 725724 234613 778005 460186 947577 172512 505798 199063 242709 595666 434986 590071 783133 141860 105798 488468 833095 647059 759843 480990 404377 586774 985518 284193 689501 59407 73036 173248 276789 97373 966428 167401 868493 552796 166512 223079 805080 598231 17950 353984 665037 687771 516461 157222 495155 21958 310259 500087 529323 
87
592819 101217 829219 148857 956865 415319 548853 686681 507226 425299 19264 966227 559836 561886 759553 69278 831077 590965 590464 459400 131371 307588 861848 895128 251116 478044 444147 841298 431949 66043 513644 800942 555987 669896 267482 368601 784813 778836 486958 932499 238235 841867 536509 435952 927145 523949 170475 42298 576139 778538 893220 157566 924294 940810 879138 851765 744237 889120 373871 70084 97790 713799 335235 691786 459884 645846 610200 642127 631865 532052 46254 521953 216668 735671 509982 95289 501899 701807 850541 427528 126080 507933 81508 323103 953770 269224 662675 
76
905691 393879 18635 723193 934198 576055 812434 505680 181653 157936 304644 351374 950420 161625 454572 112857 910007 572032 593093 397064 95533 935301 358097 25688 435592 480728 189081 508649 517806 89759 824085 269201 494918 910446 170826 833954 764186 208895 648999 137105 484522 120794 815483 766233 14540 902900 612848 828278 84407 525194 318459 429730 989707 405292 227004 702563 126105 534782 77592 451378 83472 674506 19768 759435 508420 648528 981636 927176 642803 352455 49388 543542 722337 466099 367548 182558 
44
381106 830219 83610 707877 597692 663415 467674 827258 316282 522783 973105 490022 968400 788009 819059 620896 14579 434992 7127 338903 476952 752143 186453 178863 69108 831925 949455 887357 389037 350752 143820 76737 223532 223477 770924 77822 163888 459771 266610 352038 614713 770223 546802 963213 
54
473471 840118 782601 781593 340387 450153 428153 616569 584898 794523 842358 237855 929663 785891 860797 272275 751477 936354 763200 531039 473390 280329 993745 558453 954468 22286 600186 235817 49441 762612 412399 600489 358504 499282 459935 546431 636318 296781 909814 411212 267445 417496 964117 773639 645601 334920 700533 878872 467282 595755 592226 575385 228494 391400 
15
372742 460212 115021 97943 782449 513601 84060 82119 984152 90477 319468 341724 231330 22138 967540 
71
372170 356642 814747 459507 96706 620693 315586 37919 791502 233596 639517 652498 405222 755182 633799 718952 884799 564 433030 807847 652967 813572 334236 710884 991985 33823 932126 56350 380124 841775 444516 152483 588205 744698 899149 199418 45133 43966 526160 681597 104136 752709 250783 804201 704068 197371 485533 862661 5257 764333 972015 689847 627367 145620 775875 604816 447624 216511 565786 506899 818384 662824 328872 747044 667901 445703 85258 931357 678640 713661 681981 
98
989433 708853 27795 781467 874608 125661 54747 179156 768219 326091 38567 69268 484113 726506 122128 861099 106816 634479 354524 709381 85657 745898 813614 78416 374887 191318 334319 530304 630686 402956 531129 383041 812958 643418 753964 35297 242149 679978 456309 697818 166383 444377 628849 216208 395029 502356 676491 252286 294657 417611 852370 411275 119974 460576 498789 60217 636919 621734 354674 514355 646189 283410 736609 274948 390270 364650 884801 203381 969382 198237 548358 206496 619373 285570 731905 355158 427121 615147 612781 627398 99466 173198 76350 262671 65887 735904 551018 816206 964910 399993 586778 835650 381008 228455 505215 90187 285395 829236 
79
30081 278080 554984 763905 208023 596451 595421 688498 20698 954368 556111 140794 342813 825197 852931 576553 267822 591298 192067 729482 49116 195307 402789 462035 83428 56308 378221 137606 282322 329283 514383 164001 382685 18074 455186 186040 189002 682093 896283 449946 200561 182794 81465 20916 407787 305002 328100 218078 993676 983075 760750 745091 351700 556131 535695 304144 646046 541072 300815 274529 131634 126297 411058 543024 472633 165458 659977 282368 905700 542071 114731 509908 155970 934283 60433 521436 496513 693711 471351 
2
342071 34317 
51
706912 684637 643007 840968 436353 110812 420006 196456 192453 43409 622160 427330 295119 448912 197545 742445 604344 824938 676688 596502 836660 61016 993919 188663 957102 118172 37095 707627 721847 9201 507193 572088 82605 532241 343587 432599 998483 246479 12892 100434 158450 231738 308705 41625 553147 244216 287422 607959 873110 595629 116079 
42
758993 41170 758681 663137 415711 127006 153469 971946 776656 356515 954491 777596 866976 452651 256191 884688 426624 475823 198231 689366 626401 86381 678042 796470 274543 804226 456060 308457 779597 233387 298805 815886 158713 326928 1673 792441 405270 506405 670450 7194 148311 681979 
71
804923 2283 242956 409182 784004 285826 464755 631659 691817 986220 832520 520486 466637 711365 413111 408154 791456 72020 22025 581361 659506 677790 764847 958140 830358 944026 476469 793728 172022 844982 999986 788930 806446 54272 961247 689295 421873 824865 191200 355465 326846 863995 430667 917260 492054 701604 423387 793459 448322 515645 719014 249583 700151 876864 884958 866927 833619 304168 454148 138342 471486 584877 770822 484141 819286 97325 58587 915781 88659 332013 519250 
82
865964 994858 45747 894827 35591 75359 552098 586255 61692 878070 568271 96595 5980 123730 434121 611297 331040 71877 223227 504824 170553 947563 915885 206283 541179 874094 739444 169108 669338 972284 128499 906883 904350 599186 801938 566421 227591 349875 128547 526335 132763 994299 682247 254526 117536 765339 941459 158201 507812 395011 970472 249276 679116 260489 562393 955151 574884 299870 625644 454803 187877 253316 863320 912367 961695 881518 908885 96089 954088 608978 186050 739530 212524 940859 311926 828968 21891 297880 723662 193997 691142 908462 
46
596568 377127 898706 374477 421758 966694 951976 278456 42849 913731 760761 75948 533675 81895 286982 233354 600588 319083 431257 196320 891545 718222 208654 590122 992759 280366 705301 341593 596014 956377 669378 475184 797995 451144 530251 935266 516594 330774 968340 262882 16898 113562 607466 480605 609308 919821 
11
597321 15394 792136 661593 162928 533664 745719 716464 342039 507131 465204 
59
426626 712231 900105 989252 137047 475709 501807 656437 683036 639807 674756 977774 805287 248107 180638 312763 419130 640510 209901 341462 273934 320554 354400 332645 188220 93605 613482 919139 538473 809277 217393 124987 309156 736396 171407 900649 348586 223151 370401 628484 159265 61891 702438 618195 441872 421160 383121 304122 697036 919903 523554 50311 159632 127601 62990 636149 329769 476897 69108 
25
262093 477393 31082 748648 687838 448980 324911 636835 57023 668689 983234 238066 393186 35102 145979 959763 210525 521613 316628 8582 170404 313443 503134 557163 84083 
92
336609 894776 830930 652646 567430 712845 811798 760645 916683 174032 716072 209747 106330 569006 937228 528683 274566 526976 237867 683362 525424 46479 875748 668099 69498 771684 434593 889904 154215 293465 721750 124810 388206 839510 152445 52445 40156 370180 922527 241040 208771 681099 743587 852774 877876 376165 906518 357618 871052 161547 802295 9363 104068 597071 579414 807577 70879 302737 22497 979831 895117 510706 420352 187054 666700 368451 776775 707393 798346 647357 24158 264830 331995 416770 196958 306817 594380 269523 308758 423579 614045 703960 141219 969758 573182 416698 782166 155688 486253 536368 363798 43388 
79
318592 42377 185245 923130 171920 89811 664135 612412 477203 295751 883475 910533 116505 40478 508124 38210 672325 324021 579394 865210 63303 533310 338365 720157 791978 379885 646185 77468 380072 598208 985929 31557 71503 720406 79380 597310 693697 610798 272646 247075 681767 959255 550135 544597 935391 695351 192126 422515 31601 196394 173549 655605 602795 316616 854698 229877 125894 618809 787841 714130 982907 283731 863065 303925 53386 362059 82482 830888 627697 535312 112608 209211 866796 559339 947159 916027 17139 497667 941708 
49
240143 275354 97567 63425 928613 727988 890441 646087 318409 578919 172075 408131 923049 187369 452765 508378 110390 586529 781354 225250 302768 50530 440950 927677 234561 292048 694777 58367 25638 5795 322352 645626 159652 953030 840611 798237 654404 156887 160642 919582 858969 312101 60113 409039 96679 568390 59519 379682 323207 
94
851996 507915 337139 134750 117969 523492 457563 966899 552135 326353 381346 731274 30617 116305 259958 908538 537023 640797 130597 719714 734484 458114 254297 533129 370662 707787 324788 552347 588109 41529 945494 967680 493689 24608 592803 758888 559682 83280 975407 468032 530251 802641 396898 745436 353856 271621 530611 636658 45522 810477 141102 917837 375083 310114 106093 733205 994251 388970 466980 538622 180125 289556 655562 255016 302502 439530 238060 392502 241481 183187 234436 363124 458964 948229 2423 759674 437043 545205 55013 484456 799401 229837 48203 377060 702915 382553 677886 420393 969356 660597 880832 549340 17170 766550 
98
131534 797119 208934 132698 641643 500795 258352 147208 675898 531280 114001 127878 372826 893422 268656 403648 578892 772945 556604 855779 672924 740812 150623 312799 309053 561038 700944 400489 225825 111326 560678 680913 656218 765325 90920 146 725489 625529 527140 841115 562403 395060 606731 952938 240655 600809 359428 56368 17892 480013 551786 583914 153029 979706 342562 233342 264832 24955 504515 694890 237787 806762 935880 81460 23060 855296 915055 786712 96638 861399 716764 271896 462254 39018 478721 776664 676631 179380 204688 868710 408528 564762 244890 532139 299080 822570 969033 497009 624302 348241 101309 62497 913951 592820 259309 786093 95945 965262 
16
326509 641255 721102 659760 972385 871775 907774 147208 241175 913793 734427 152018 369163 865116 568947 995986 
100
179419 198151 398695 541257 334622 600549 388253 758369 93532 166727 895792 928348 646630 369392 72207 754204 323182 71963 915121 740980 154040 877337 919494 514472 464650 779798 454299 542627 674125 556593 713653 94991 21851 639309 90168 626355 155017 244741 60456 161255 972086 712910 267183 542407 169188 97776 745645 455789 17979 506322 797995 97998 236126 310402 357916 272687 537694 262373 178388 490070 621089 25547 372952 270358 803797 338302 490489 875853 314095 858142 53477 633096 994775 336176 840114 965113 82976 759071 539847 769200 273828 563005 327984 22921 201962 605843 855694 366493 860102 44714 817297 678216 848641 671051 305676 411327 917950 129064 235259 303063 
100
584333 600396 338454 106755 133672 984513 813225 281239 293257 533218 761955 489386 360185 960285 942475 986174 944854 20668 761500 128519 809247 591873 434578 909815 575800 775712 472126 524446 184294 804477 3863 290323 549602 620150 71646 318034 179654 871585 704930 267686 484940 14526 913470 662877 143208 278518 11373 453986 89703 440050 613146 648179 240998 293994 568008 975434 318935 414529 5126 16190 564281 706972 442870 506835 986480 922111 308536 108974 716701 904461 341559 397697 657075 42565 730667 474228 174563 523474 145346 369949 842635 605098 595003 681523 822539 547227 505780 130767 788181 147157 883414 69519 979651 352473 409228 115637 316983 285639 616731 425871 
100
298303 8222 605925 644921 390400 670370 141285 395004 346484 750981 375866 172539 809735 192157 405403 604146 304726 934736 41806 326446 591251 315189 7252 404647 633658 453248 679871 980533 384183 279338 361054 756047 421771 212333 836199 76958 678802 171999 587798 122376 74464 777300 934178 315903 417326 480371 881158 474283 701157 281708 462235 927444 367100 294557 702997 114320 718222 408200 307625 422375 127730 950687 52204 801885 475157 456449 344059 795084 895216 291984 24810 921166 378798 183519 261668 853696 833323 238652 258191 454490 120566 891542 610664 134375 318165 349258 518132 184582 101715 158748 425707 157196 179483 967599 102333 390657 334348 707989 841789 353139 
100
210041 611418 373754 932484 230998 590172 834733 916047 99074 788595 930733 545165 878788 927241 980126 284210 334632 621338 811845 410506 913091 155080 181595 273004 79268 950280 956873 754286 300494 29834 948981 636915 644650 166750 55389 774169 94958 864241 454663 276386 836164 274511 536617 170571 866454 562282 981526 604450 629880 766370 517592 791194 755035 50427 101531 923528 667056 96684 643088 98752 666931 315718 776668 768529 667085 577144 843418 643669 531802 864979 455566 292471 268580 321313 539994 59488 428137 192433 80120 216809 913709 604762 418559 751045 411334 95577 889958 577553 960455 795023 757516 985395 200475 135183 8747 675645 851599 625706 474738 739867 
100
340248 128366 40208 765723 698976 288505 681510 55051 454439 450016 713240 915775 82156 478435 249414 975259 507587 643425 524109 791497 164894 480263 47651 63111 661406 10505 596242 972409 164524 364225 168159 838234 758301 235527 916064 503709 61999 837680 311757 832144 950097 742478 935706 36679 369765 547530 351809 100475 490873 211179 138646 352496 65150 755503 623612 647058 332306 967174 280984 10043 331158 590484 911031 976627 768331 276750 592429 729076 357152 746229 553554 829960 162302 41524 106827 656242 332254 908227 538457 740588 789642 757697 235398 900207 12337 194240 335825 343520 688041 520240 302396 61098 16199 182380 23479 570077 807378 293010 124259 718797 
100
692838 738185 576943 541199 352373 586566 388734 485695 310985 566273 796438 506684 683030 301487 140376 476406 253218 32021 157570 809380 728670 621583 786828 965797 515915 169508 772202 10472 147765 677985 488750 614296 351151 266362 649968 805276 79687 757236 585635 868816 704476 59946 658730 11073 917902 181043 843564 730189 864244 980664 951131 824907 405234 664375 484602 552657 442739 39005 308300 636776 506722 606567 172513 480624 939102 422969 245337 418936 892110 301573 801427 909499 439487 220974 471844 697923 287959 998372 916460 198107 268162 364532 343064 790766 943827 230140 833577 421181 911444 635618 241868 449071 555945 229075 144629 304851 646387 137063 934476 846238 
100
904213 638812 580471 649688 944769 560960 122854 360791 464559 45173 85672 912678 979112 792126 165901 498127 708913 483700 751978 952104 120034 16192 947616 97700 455104 370165 163229 596589 914610 747192 56126 786360 592751 782465 391488 553099 330826 251733 705147 180148 283468 192584 367290 853118 419081 748692 727550 904844 825586 203070 945699 131762 424874 382535 301673 924470 419567 20300 353255 915055 851739 643444 769255 790138 216903 148134 258531 805086 869900 230411 162434 239396 495809 24697 641588 23448 734023 500527 121024 899990 479762 147569 833869 265599 353895 307158 218966 15202 957841 447724 95133 262018 401581 879450 221231 181144 489576 34330 407099 66837 
100
738539 436924 398068 213505 566293 828949 743685 626489 920937 196377 68618 157577 128522 399421 501966 638968 398984 650614 195085 966197 705728 462399 810151 147884 653171 898298 329937 955447 786734 606460 820702 441109 925718 503875 389143 547042 736192 396306 601965 73368 979689 833397 248140 941134 510266 942164 486411 957967 498932 768964 423544 196304 998055 756304 97657 658486 532079 793481 38597 178258 838147 717783 359673 50972 530884 91751 646584 378997 972079 792736 786920 11614 779330 516653 918100 76177 621580 829799 286995 277146 500759 102409 39986 437679 602936 230851 116118 792175 94651 86680 884800 655388 432203 746021 64641 683940 30310 437278 5561 21889 
