23
0
1
1 0 0 100 100
3
1 0 0 50 50
0 0 0 1 1
1 50 50 100 100
5
1 17 8 94 74
0 82 15 85 42
0 19 89 64 96
1 2 46 20 46
1 26 38 69 83
10
1 64 68 96 83
1 8 8 79 17
1 22 18 82 36
0 85 21 92 67
0 13 20 51 30
1 19 52 66 96
0 37 65 80 87
1 38 25 45 96
1 79 53 82 89
1 15 79 61 82
15
0 15 44 94 54
0 60 51 97 91
0 32 54 50 90
0 62 74 78 82
0 27 10 90 59
1 8 1 18 98
0 96 83 100 86
1 23 22 84 78
0 70 76 75 97
0 49 4 73 100
1 12 7 61 90
0 16 29 97 64
1 24 11 40 57
1 10 48 64 79
0 69 74 81 99
20
0 27 24 91 30
0 15 8 99 29
0 51 79 53 80
1 67 14 81 99
0 38 46 86 75
0 31 58 86 76
0 58 7 60 43
0 49 8 58 31
0 5 53 29 81
0 11 25 59 71
0 1 62 10 73
1 34 85 54 92
0 15 41 45 94
1 35 16 56 88
1 53 7 72 29
0 0 77 81 86
0 58 44 72 67
0 5 12 50 37
1 86 36 89 57
0 26 50 70 90
25
0 8 60 79 92
1 22 0 26 72
0 52 72 98 96
0 46 43 49 65
1 65 26 91 40
0 13 3 27 41
1 44 22 60 27
1 53 26 66 72
0 3 21 14 49
1 29 59 74 75
0 15 81 97 90
1 81 39 82 69
0 8 69 40 71
0 13 64 89 80
1 8 25 71 44
0 21 43 75 64
0 2 84 7 99
0 69 36 93 54
0 4 65 98 65
0 21 24 52 32
1 45 38 49 87
1 11 55 72 90
0 3 0 59 60
0 41 30 93 31
0 6 9 74 29
30
0 7 17 71 55
0 79 24 100 56
1 48 13 76 75
0 44 11 53 100
0 76 11 96 88
1 33 12 38 79
0 16 24 22 95
1 5 63 95 74
1 15 44 60 88
1 34 22 74 75
1 29 1 37 57
1 34 32 66 58
0 41 27 61 78
1 36 6 91 46
0 0 31 58 32
1 57 4 96 62
0 22 57 81 83
1 9 6 17 21
1 37 59 61 99
1 2 12 38 70
1 18 51 35 59
1 75 21 97 69
1 15 11 58 77
1 97 56 100 92
1 47 49 48 75
1 9 59 55 85
1 0 44 66 98
0 12 39 62 43
0 73 60 91 65
1 45 94 98 98
35
1 83 50 92 88
0 11 18 45 34
1 20 62 82 94
1 89 2 98 74
0 28 45 81 92
0 47 36 80 94
0 42 76 58 97
1 90 11 100 90
1 40 26 73 36
0 67 53 96 89
1 30 44 68 46
0 60 1 95 99
1 17 7 72 22
0 21 29 59 42
0 27 94 93 99
1 1 61 40 75
1 2 27 69 97
0 2 60 48 82
0 43 10 65 76
1 49 82 79 97
1 4 30 59 46
0 4 68 43 78
1 83 39 93 48
1 50 60 99 81
1 33 27 93 88
1 72 12 86 68
0 10 43 32 78
1 24 52 73 56
0 1 23 29 62
1 11 27 53 91
0 3 29 28 71
0 32 19 34 93
1 45 3 95 16
1 58 50 99 76
0 16 33 17 93
40
1 12 75 72 91
0 50 16 60 59
0 56 10 89 20
1 15 17 91 69
0 2 4 49 17
0 46 12 84 38
0 54 41 56 80
0 75 79 76 83
0 91 48 93 50
0 29 37 56 58
1 13 63 41 72
0 10 24 88 38
1 6 32 19 84
0 54 34 60 60
1 46 1 98 46
0 26 39 54 77
1 62 56 66 66
0 42 28 73 35
1 46 3 60 43
1 2 4 66 76
1 12 22 54 97
0 23 17 68 26
1 34 27 44 49
0 2 17 80 87
1 38 38 79 90
0 41 1 73 58
1 5 45 68 57
0 20 83 33 94
1 7 21 54 32
1 53 16 94 65
0 47 8 68 16
0 15 38 73 76
1 29 24 39 46
1 28 21 93 55
1 30 9 77 80
1 28 48 43 50
1 24 33 26 38
0 54 10 55 28
0 4 5 48 51
1 56 46 74 52
45
1 40 51 46 77
1 38 12 65 33
1 37 65 74 80
0 7 21 24 81
0 5 26 10 61
0 1 50 59 89
0 38 44 91 97
0 60 17 71 54
0 76 35 95 52
1 31 10 31 54
0 14 17 17 75
0 19 10 42 60
1 12 10 33 18
1 72 33 94 88
0 24 56 61 56
0 19 26 97 42
1 17 79 53 99
0 20 48 21 73
1 1 12 23 97
1 80 36 99 47
1 21 29 48 38
0 59 6 99 50
1 31 72 52 81
1 45 80 74 86
0 22 6 57 70
1 41 35 99 85
1 29 54 68 83
0 11 84 52 87
1 76 46 84 60
0 26 38 52 70
0 74 65 88 91
0 20 66 63 87
0 53 13 77 96
1 11 31 55 43
1 1 21 90 60
0 94 23 99 79
1 34 7 57 13
1 8 12 55 60
0 2 54 48 60
0 34 47 75 70
1 25 16 92 84
0 63 1 70 85
0 17 60 61 94
1 51 84 80 94
0 38 4 73 69
50
0 18 24 87 69
0 47 5 53 35
0 25 4 91 21
0 9 55 41 74
0 19 9 85 59
1 83 40 86 53
1 27 5 93 81
0 19 50 97 95
1 81 27 82 75
0 16 84 67 87
1 43 31 78 99
1 70 31 75 85
1 17 87 65 92
1 6 42 65 47
1 32 63 57 87
0 9 69 50 93
0 42 20 65 69
1 12 72 88 89
1 4 79 37 85
1 3 15 32 94
1 47 16 63 23
0 61 50 98 88
1 39 64 41 72
0 43 4 46 85
1 6 45 76 55
0 8 75 73 97
1 3 88 49 100
1 26 12 89 74
1 18 62 96 90
1 1 41 12 86
1 15 5 26 29
1 3 4 12 77
1 10 45 73 92
0 14 9 85 18
0 71 60 97 85
0 15 40 24 97
1 42 60 60 78
1 2 9 27 99
0 31 58 59 92
0 34 60 40 79
1 40 24 86 40
1 2 57 9 60
1 39 19 97 65
1 12 11 24 41
0 30 23 100 46
0 53 9 53 34
1 36 6 86 62
1 14 52 89 97
1 81 82 93 83
0 4 6 65 6
55
1 78 6 99 82
0 1 21 62 77
0 47 62 52 77
0 17 3 74 17
0 3 2 74 89
1 93 8 98 71
1 34 10 42 32
0 9 51 55 67
0 19 77 27 87
0 4 14 19 92
1 33 76 52 93
1 6 64 54 77
1 84 12 95 47
1 22 1 30 77
1 27 38 42 76
0 28 52 62 77
0 39 2 50 53
1 16 65 67 73
0 68 49 71 86
0 75 62 76 65
1 61 8 88 94
1 84 17 87 50
1 16 49 96 100
0 37 4 60 80
0 18 13 56 44
1 23 22 30 81
0 35 29 44 60
1 63 1 65 80
1 66 27 94 35
1 17 23 76 46
1 7 6 37 79
0 25 25 76 42
1 3 16 61 94
1 5 28 64 72
0 10 57 36 100
0 6 20 90 31
0 5 16 89 31
0 27 48 68 74
0 26 12 59 30
0 51 28 54 88
1 8 40 62 42
0 13 48 32 85
0 23 61 91 76
0 85 3 99 8
1 77 5 82 78
1 79 54 98 56
1 12 75 26 90
0 7 66 91 74
1 12 56 28 77
1 51 60 84 94
1 36 11 67 65
1 0 51 62 77
1 29 60 47 87
1 1 46 49 70
1 7 44 8 92
60
1 31 16 49 19
1 21 63 78 65
1 36 42 95 63
0 30 16 60 60
1 67 4 96 34
0 33 7 82 98
0 0 47 93 65
1 14 22 84 68
0 7 54 32 92
0 72 74 77 100
0 37 34 92 98
0 11 13 17 90
0 35 7 47 55
1 18 83 21 87
1 76 16 85 47
1 21 9 68 38
0 2 22 50 62
1 42 13 90 93
0 5 40 32 83
0 71 5 80 54
1 20 31 45 89
0 4 11 72 29
1 7 8 27 71
1 90 28 94 85
0 34 18 97 57
1 30 69 55 99
1 72 28 80 55
0 26 25 63 95
1 9 39 44 77
0 10 68 48 82
1 64 17 94 58
1 43 29 61 39
0 51 92 94 92
1 62 45 94 74
1 38 63 41 69
1 1 1 39 49
0 17 4 70 98
0 43 21 75 88
1 49 24 66 42
0 28 15 81 45
1 34 26 54 44
1 23 8 80 19
1 56 0 76 64
0 38 54 66 100
1 8 3 36 95
1 7 19 54 47
0 47 3 94 55
0 8 43 11 51
1 57 28 71 40
1 60 82 87 90
1 20 43 70 70
1 15 73 49 81
0 11 7 15 44
1 32 1 92 42
0 21 34 76 66
0 8 6 83 6
1 18 40 22 42
1 30 10 67 79
1 13 29 61 60
1 63 17 71 51
65
1 25 89 48 89
0 36 11 73 33
0 83 30 85 89
0 25 27 34 87
0 67 48 100 83
0 2 8 87 76
0 2 28 56 94
0 6 4 55 86
0 41 0 94 66
1 45 54 48 82
1 57 55 79 98
1 4 17 13 32
1 6 18 69 37
1 20 11 96 39
1 33 37 77 70
0 5 56 98 76
1 4 34 20 49
1 70 56 96 75
0 19 82 96 84
0 67 20 95 66
0 40 88 100 95
0 3 12 50 35
1 57 70 68 96
0 31 10 96 95
1 28 57 70 63
0 60 14 85 93
0 57 15 94 74
1 54 29 76 48
1 77 4 86 89
1 37 61 37 76
0 19 42 23 63
1 20 67 21 96
1 36 55 41 100
0 37 10 73 40
0 57 4 59 14
1 65 2 95 36
1 33 26 44 36
1 13 51 83 67
0 1 88 46 97
1 65 1 95 57
0 7 25 67 67
0 85 75 85 96
1 9 30 78 44
1 56 25 63 79
1 23 82 40 97
0 30 4 82 44
0 13 2 26 86
1 44 11 45 74
1 26 26 65 51
1 31 26 88 100
1 1 3 80 26
0 39 67 78 98
1 34 3 86 67
1 10 73 77 76
1 43 11 87 95
1 21 4 47 24
0 62 45 74 63
0 22 49 85 69
0 13 69 24 85
1 31 30 90 38
0 34 31 82 92
0 32 34 63 61
1 14 2 85 17
1 38 71 85 87
1 8 38 85 78
70
0 58 22 79 43
1 58 39 67 89
1 50 8 85 61
1 86 13 100 32
0 34 42 37 61
1 15 14 62 88
0 19 42 55 89
0 60 40 98 72
0 23 45 69 61
1 3 3 14 27
1 57 34 68 94
0 5 37 37 84
1 30 6 67 93
0 16 1 37 21
0 7 0 78 49
0 73 13 83 58
0 48 27 81 56
1 2 7 6 88
1 41 14 55 41
1 43 9 71 15
0 14 44 89 97
0 17 23 39 26
1 41 67 46 83
1 32 4 95 83
1 4 78 31 95
1 60 55 61 65
1 68 61 85 85
0 19 80 33 96
1 75 5 89 79
1 46 43 48 85
0 39 72 66 81
1 14 24 31 43
1 40 45 89 93
1 49 30 69 52
1 79 37 96 82
0 45 30 84 92
0 41 18 95 28
1 31 9 82 12
1 31 27 79 78
1 4 7 35 22
0 8 76 85 95
0 22 86 22 90
1 17 65 19 82
0 17 48 36 64
0 33 93 55 94
0 42 32 70 77
1 14 48 61 100
0 28 27 88 85
1 73 4 99 66
0 19 35 34 59
0 16 25 93 65
1 59 6 89 83
1 15 33 55 90
0 38 46 47 71
1 25 22 70 77
1 40 21 63 76
0 9 67 76 96
1 54 57 59 89
1 50 25 61 33
0 29 36 61 72
1 26 51 60 100
0 59 42 73 67
0 91 6 95 45
1 8 36 94 67
1 7 65 62 92
1 5 34 89 62
1 32 42 51 100
1 23 24 89 49
1 69 35 84 97
0 68 40 75 65
75
0 46 1 61 53
0 8 52 97 94
0 8 45 45 100
1 9 51 73 91
1 59 32 60 41
0 47 5 66 56
0 31 2 99 11
0 0 18 55 81
1 2 64 96 90
0 23 27 40 72
1 41 21 100 90
1 69 29 88 33
0 70 26 90 42
0 13 4 22 43
1 12 32 82 45
1 84 7 99 22
1 4 28 37 85
1 17 28 56 29
1 65 23 96 45
1 1 8 97 96
0 60 63 83 93
0 40 5 61 85
0 3 22 87 47
0 13 53 20 63
1 31 76 48 80
0 34 33 78 69
1 31 53 90 82
0 7 7 50 66
1 2 37 24 96
0 24 15 68 29
1 34 9 61 79
1 56 37 75 76
1 13 40 33 80
0 61 15 80 76
1 7 94 22 97
1 1 87 17 95
1 44 37 100 45
1 54 55 79 57
0 7 11 10 30
0 18 44 36 98
1 6 23 11 26
0 9 15 30 36
1 76 3 88 100
0 18 3 86 94
0 0 59 23 68
1 45 13 67 88
0 68 56 100 70
0 31 45 63 79
1 38 57 83 59
0 7 78 95 96
0 37 55 88 71
0 3 29 49 39
0 46 13 60 49
1 87 26 99 49
1 41 74 83 87
1 4 2 29 90
1 0 24 27 67
0 83 21 85 59
0 3 13 61 72
1 8 17 42 50
0 69 42 96 51
1 32 32 41 41
0 1 52 60 60
0 19 1 33 91
1 4 71 26 95
1 19 71 98 97
0 0 39 45 82
0 65 61 85 78
0 44 38 79 48
1 7 29 85 88
0 51 8 89 21
1 13 1 37 69
0 19 11 42 43
1 58 8 79 13
1 31 53 87 56
80
1 24 6 88 18
1 12 3 69 24
0 40 75 98 85
0 20 10 27 47
1 24 46 41 55
1 71 19 81 25
1 17 0 38 27
0 24 49 93 68
0 24 29 33 76
0 19 64 85 83
0 10 21 42 41
0 53 14 69 50
0 10 26 100 65
1 33 9 90 75
0 82 1 93 82
1 27 47 30 78
1 48 48 95 89
0 30 1 80 76
0 29 6 89 29
1 20 21 25 46
1 24 81 28 98
1 26 31 80 58
0 13 44 63 74
0 18 52 22 61
0 27 0 67 98
1 22 51 28 96
1 85 85 87 96
0 2 10 13 15
1 17 1 72 59
0 71 0 95 88
1 36 61 42 86
0 6 5 87 46
1 37 23 63 94
1 88 43 93 65
1 19 51 36 100
1 1 34 16 81
0 33 62 70 75
0 9 22 45 90
1 34 51 47 64
0 41 58 79 62
0 50 50 64 83
0 28 13 72 62
0 12 23 61 93
0 59 18 65 89
1 74 11 97 65
1 18 16 93 23
1 35 48 52 97
1 32 31 56 66
0 53 16 96 45
1 27 43 37 63
0 29 77 31 94
1 4 33 25 45
1 63 12 69 41
1 13 7 99 30
1 15 15 88 29
0 35 43 38 66
0 25 96 87 100
0 48 40 56 65
0 74 64 86 98
1 64 51 64 71
1 1 29 63 30
0 14 24 80 54
1 7 52 48 89
0 81 74 83 75
0 37 5 85 24
0 13 15 16 46
1 69 35 76 79
0 3 34 79 86
0 72 6 80 33
1 66 47 93 96
0 50 49 60 93
0 63 22 87 46
0 36 40 59 92
0 27 27 55 48
1 72 62 88 95
0 30 13 72 38
1 52 11 61 38
1 37 12 89 59
0 4 59 75 94
1 8 63 82 83
85
0 40 33 42 73
1 39 46 94 50
1 20 75 24 96
1 37 96 85 98
0 17 48 65 87
0 10 76 22 78
1 9 12 22 20
1 67 2 72 8
0 75 6 97 22
0 71 20 76 55
1 58 53 83 60
1 64 19 83 65
0 11 17 84 54
1 10 71 31 80
1 3 27 39 76
0 23 4 80 29
0 16 45 70 72
1 32 11 93 72
1 39 12 92 80
0 59 62 78 91
1 13 0 78 23
1 13 11 70 58
1 22 39 51 82
1 30 1 78 5
1 63 9 80 18
0 30 44 63 46
1 31 29 55 46
1 60 27 61 98
1 52 60 81 63
0 12 19 55 83
0 77 6 100 86
0 5 38 71 82
0 0 51 28 64
1 79 10 84 24
1 90 39 100 58
0 53 52 87 76
1 1 84 100 89
1 63 65 94 71
1 47 25 71 83
1 48 1 88 92
0 44 53 91 67
0 67 26 98 56
0 64 21 95 70
0 26 28 27 29
1 7 49 39 69
1 32 7 72 85
1 36 54 80 82
1 51 53 52 85
1 8 1 73 100
0 37 18 78 41
0 12 20 72 31
0 36 27 100 61
1 45 5 60 61
0 8 19 27 78
0 11 14 67 30
0 14 9 73 10
0 48 35 50 83
0 30 12 81 95
1 39 16 50 59
0 28 33 68 85
1 64 47 99 76
1 47 18 76 59
0 77 14 91 90
0 39 11 82 18
1 13 20 72 68
1 26 10 46 81
0 0 12 3 57
0 0 10 10 25
1 29 86 68 87
0 76 23 79 42
0 19 14 65 90
1 60 31 87 76
0 13 65 41 99
0 30 97 98 98
0 36 46 91 63
0 65 4 78 70
1 75 22 85 86
0 15 30 51 49
0 52 37 80 84
0 5 63 98 79
0 49 11 95 52
0 19 51 29 97
1 28 20 77 64
0 66 74 84 93
1 50 9 96 56
90
0 85 6 99 79
0 47 21 95 25
0 0 4 71 9
0 40 53 73 66
0 75 83 83 99
1 37 16 63 33
0 23 59 42 91
0 0 51 5 97
0 82 53 93 56
0 11 22 53 62
1 18 0 32 53
1 5 57 88 99
0 6 44 29 53
0 35 62 46 68
1 0 18 37 47
0 56 59 99 95
0 39 39 47 78
1 4 45 87 47
0 11 26 49 70
1 39 3 83 92
1 86 87 98 91
1 52 23 56 46
1 5 13 89 47
0 19 31 33 65
1 34 27 84 46
1 19 76 77 93
0 31 1 37 32
0 52 40 81 84
1 60 19 83 45
1 66 13 76 58
1 45 58 67 91
1 25 62 44 92
1 5 66 75 91
0 25 21 62 79
0 7 29 21 59
1 77 20 81 35
1 79 6 80 51
0 25 3 63 75
0 2 19 67 63
0 40 69 83 70
1 23 32 46 39
1 74 4 81 10
0 12 5 43 41
0 78 32 88 49
0 10 5 68 74
1 57 43 100 71
0 14 14 52 85
1 0 62 81 83
1 12 14 85 16
1 28 56 62 82
0 28 75 97 93
1 51 25 66 62
0 16 40 51 87
1 22 27 71 82
1 16 79 31 87
0 33 41 83 55
0 14 48 32 84
1 10 8 20 69
0 59 15 85 40
0 8 29 28 49
0 19 29 83 55
1 91 38 96 67
0 67 5 84 48
0 20 83 76 87
1 19 47 28 47
1 59 29 80 42
1 15 5 29 84
1 3 77 40 82
1 35 34 81 71
0 61 14 94 53
0 41 7 91 78
0 77 74 88 85
1 75 17 99 68
0 25 37 75 71
0 67 17 71 59
0 21 29 34 41
0 69 5 99 25
1 35 22 75 93
1 9 19 81 98
0 25 37 71 50
1 80 32 83 95
1 35 29 93 56
1 3 27 15 87
1 9 8 34 65
1 29 16 42 46
1 75 6 78 39
0 0 32 75 58
0 13 23 29 45
0 19 11 38 20
0 0 15 31 39
95
1 67 5 69 62
1 1 55 27 90
0 11 4 90 40
0 20 22 37 98
1 15 1 56 85
1 24 3 26 47
1 8 9 88 73
0 37 54 87 59
0 17 17 44 93
1 63 96 77 97
0 37 94 91 98
1 71 7 72 17
1 18 72 49 99
1 5 1 74 49
0 43 23 61 66
1 50 21 86 72
1 13 18 42 23
1 45 16 86 77
1 1 42 69 47
0 61 51 62 83
1 6 10 54 47
0 11 3 33 85
1 21 6 59 44
0 19 20 87 45
1 49 43 93 84
0 3 38 22 48
0 2 52 31 65
1 17 53 84 98
1 6 11 98 59
1 65 2 80 63
1 33 50 73 52
1 2 26 71 64
0 44 9 72 66
1 78 25 89 66
1 4 80 77 98
1 32 56 66 99
1 73 32 93 63
0 50 41 67 45
1 2 39 52 50
0 21 2 51 29
1 15 6 37 100
0 14 2 59 6
0 6 2 88 69
0 27 14 80 38
1 24 82 69 96
0 34 0 73 34
1 2 60 100 61
0 22 37 92 64
0 81 17 87 45
1 44 15 49 36
0 40 27 89 65
0 34 77 56 83
1 8 28 16 97
0 4 69 69 100
0 51 5 67 13
1 10 99 80 99
1 27 81 55 99
0 9 39 19 100
1 42 15 61 99
0 38 24 64 65
0 4 13 85 71
0 38 28 76 81
0 12 53 92 71
1 30 35 90 95
1 0 66 40 67
0 46 51 99 82
0 43 9 68 77
1 59 76 59 90
1 8 46 29 80
0 13 61 51 84
1 13 51 49 86
1 87 7 98 59
1 52 49 57 85
1 59 92 78 99
0 55 3 83 56
1 62 44 68 89
0 8 28 47 47
0 48 17 76 32
0 75 7 77 53
1 65 54 83 79
1 10 26 53 26
0 8 15 36 80
1 56 4 92 14
1 24 44 67 76
1 36 38 68 67
1 2 56 31 77
1 24 11 49 94
0 7 44 99 66
1 35 29 46 73
1 7 50 43 71
1 19 23 25 96
1 21 49 70 89
0 31 13 39 100
1 0 19 67 83
0 29 21 74 59
100
0 9 1 47 7
1 7 70 89 90
1 29 54 88 92
1 36 14 90 85
0 55 90 95 92
0 27 67 91 83
1 17 2 84 82
1 33 28 92 64
1 57 14 88 54
1 8 5 39 68
1 9 85 9 93
0 37 37 39 53
1 46 3 63 6
0 27 49 85 60
0 75 37 94 55
0 32 46 63 73
1 3 55 17 68
0 10 34 64 94
0 68 77 75 86
1 30 42 51 97
1 71 4 80 86
1 73 44 80 70
1 76 60 78 77
1 0 42 32 88
1 0 28 7 55
1 36 4 100 4
1 10 32 66 97
1 7 22 45 92
0 76 30 90 83
1 57 5 71 46
0 16 23 56 57
0 60 54 76 91
1 19 20 28 20
0 32 18 65 90
1 15 14 69 81
1 28 59 72 90
0 38 31 41 55
0 36 8 66 84
1 0 37 10 71
1 20 29 51 72
1 13 90 59 98
1 86 5 97 19
0 73 6 87 57
0 41 22 58 88
1 53 40 65 56
0 56 74 78 93
0 23 15 40 32
0 24 39 46 84
1 0 11 49 81
1 50 27 70 89
1 2 19 59 53
1 59 42 72 79
1 9 5 29 61
1 89 4 95 9
1 41 37 77 85
1 22 45 73 83
0 70 27 92 29
1 22 20 33 79
0 37 4 99 87
0 50 6 51 33
0 24 60 39 96
0 25 29 58 97
0 29 9 67 13
1 46 15 48 74
1 61 79 86 82
1 13 8 69 25
1 61 11 65 23
1 14 64 14 91
0 57 30 78 49
0 30 6 74 84
1 5 22 82 71
1 35 3 41 55
0 86 71 94 98
1 13 16 82 97
0 32 11 54 73
0 67 11 93 25
0 5 17 11 48
1 33 13 88 63
1 7 31 38 71
1 32 89 57 97
1 79 15 89 80
1 0 45 70 54
0 26 9 92 47
1 31 36 84 62
1 71 29 77 37
0 33 75 91 94
1 20 36 22 58
1 37 38 67 51
1 74 55 85 62
0 43 62 80 75
0 10 11 66 20
1 28 48 86 97
1 41 33 75 55
1 90 82 93 83
1 20 51 22 83
1 78 65 84 99
1 57 2 76 29
0 78 16 79 47
0 59 27 85 95
0 13 45 47 82
