29
2 2 2 0
2 2 2 1
2 1
3 2 2 1
2 1
2 1 2 2
2 1
2 3
12 6 4 7
7 4
5 6
8 7
7 2
7 10
8 1
5 8
12 12 4 7
7 12
3 22
4 13
2 15
6 1
6 25
8 17
12 18 8 37
9 20
2 15
6 13
10 33
8 25
3 10
2 21
3 2
4 23
3 26
10 21
7 22
9 22
9 6
2 5
3 6
6 5
2 35
6 23
11 2
8 13
8 11
2 27
6 27
9 2
6 21
5 20
12 35
10 35
11 30
3 30
5 22
2 37
7 8
10 9
10 29
12 15
12 24 18 135
9 6
2 7
7 14
4 45
5 38
5 8
2 25
2 43
10 17
7 10
10 33
7 40
11 40
12 41
9 48
5 2
9 34
9 42
9 46
3 38
2 35
4 39
7 38
8 11
7 12
3 36
9 18
5 34
9 14
4 41
11 34
7 42
10 39
2 21
11 30
10 29
8 17
11 38
6 19
9 16
8 45
3 44
11 2
5 16
10 47
10 5
11 14
8 33
9 20
9 24
6 17
8 13
8 1
11 44
6 23
9 2
12 5
9 22
6 25
5 26
4 25
4 15
11 36
12 29
6 49
2 49
4 27
7 20
3 16
2 31
12 21
10 25
8 29
6 13
7 24
3 30
6 9
2 11
10 11
3 18
4 19
2 9
2 27
4 43
6 39
12 15
5 22
2 1
7 44
5 18
11 22
10 49
4 5
12 23
12 45
7 28
9 38
3 42
9 28
8 49
2 41
10 41
10 31
11 4
10 3
9 8
7 36
7 22
11 42
3 28
12 3
9 36
6 5
8 35
10 9
5 40
6 11
7 30
11 24
8 41
8 21
3 48
6 7
11 46
2 47
5 32
12 27
3 12
7 6
2 29
11 48
5 10
8 39
8 27
2 3
12 30 52 49
6 37
6 23
9 60
12 15
2 51
6 45
10 53
6 41
11 40
2 55
9 32
9 38
9 58
12 55
11 60
9 8
6 43
11 12
6 17
3 48
7 30
10 33
6 21
7 18
8 41
11 20
4 35
4 31
9 44
5 14
2 39
5 52
3 52
6 27
7 44
9 4
9 6
8 53
2 41
6 47
12 35
10 7
9 56
8 1
4 41
4 25
8 17
5 44
7 6
24 6 6 35
22 11
4 1
17 6
14 3
8 1
11 6
22 7
22 5
4 7
17 2
19 10
6 9
3 8
12 11
24 11
13 2
10 7
9 2
18 13
24 7
2 9
19 4
18 3
3 6
8 3
8 13
10 11
20 5
13 6
3 4
13 8
21 8
8 11
16 3
2 3
24 12 18 99
5 16
8 25
17 4
6 11
4 3
24 7
4 21
13 6
18 5
20 1
3 22
10 19
15 10
22 17
17 8
19 12
10 9
13 14
6 1
20 17
20 23
16 17
11 4
14 21
19 6
14 5
13 24
2 25
12 3
19 2
21 22
5 2
3 12
6 3
18 17
7 22
21 24
12 11
19 14
22 21
9 12
21 6
12 19
4 9
2 17
6 25
3 2
23 10
24 1
8 15
18 7
15 16
7 6
23 4
13 22
21 10
12 13
9 2
3 18
17 22
6 15
24 3
14 11
6 23
20 11
2 19
9 22
12 9
20 25
20 7
20 13
18 1
16 11
21 12
17 6
22 23
24 15
19 4
6 17
12 23
16 25
10 5
5 4
14 13
5 6
23 2
13 10
9 16
13 12
14 19
23 16
3 14
12 7
7 20
18 23
23 14
11 10
6 13
5 12
24 18 18 97
6 19
14 1
15 14
19 30
21 22
8 29
18 25
19 22
10 5
3 20
21 28
7 6
11 28
21 18
9 18
12 9
17 20
16 1
9 32
23 26
9 28
8 11
15 8
20 31
7 20
18 15
17 32
18 33
10 13
18 11
22 19
24 1
23 36
7 28
7 14
5 16
4 3
6 31
5 8
24 27
6 21
12 25
11 12
20 21
2 19
16 9
5 12
3 14
9 24
20 19
12 21
21 36
7 8
10 23
4 9
23 8
4 1
19 32
7 32
17 4
18 35
4 27
16 13
4 21
14 17
24 11
20 9
8 27
11 30
15 34
17 12
12 23
4 5
24 21
10 19
10 3
13 16
15 2
22 25
17 30
17 22
14 21
21 10
9 36
11 26
19 12
2 33
23 24
13 6
4 17
16 19
10 35
18 9
4 15
16 29
14 13
20 1
24 24 24 273
12 47
13 32
16 47
12 25
14 5
3 48
5 8
12 43
9 8
15 4
5 4
16 13
21 16
7 32
22 19
2 29
20 25
5 12
7 34
16 37
16 19
18 43
4 47
19 48
20 45
5 24
5 28
18 3
2 37
4 35
15 26
7 24
4 25
2 23
12 19
16 29
24 43
20 35
20 3
10 43
21 14
4 31
18 33
7 8
18 11
4 11
2 45
6 21
8 7
23 6
12 27
19 30
5 10
5 36
3 8
22 13
7 4
17 34
21 4
9 2
16 1
19 26
5 48
8 41
7 22
3 28
8 3
19 42
3 38
2 43
18 9
23 28
18 1
13 10
16 5
10 13
24 39
4 19
8 19
3 10
11 30
8 49
6 29
20 47
22 5
19 38
3 26
9 18
11 28
2 39
15 24
12 45
22 39
4 33
3 6
18 35
2 17
13 30
11 48
6 5
21 26
21 48
4 9
6 45
4 17
18 15
8 9
23 40
24 35
20 11
2 11
18 47
24 49
23 34
8 5
24 13
5 16
5 6
14 7
17 28
21 40
10 35
17 36
15 22
9 14
10 45
14 23
9 12
14 25
20 9
8 27
4 39
15 14
8 33
23 44
15 38
17 8
19 34
24 31
21 22
13 44
10 15
24 25
10 23
12 15
22 7
13 36
13 2
19 20
3 14
16 11
10 9
4 29
4 13
20 33
19 44
24 11
22 3
4 43
9 16
5 26
2 35
6 47
10 1
6 39
15 10
9 30
9 10
12 37
17 24
15 48
15 42
11 38
21 10
14 39
13 8
6 31
15 18
17 6
7 44
16 3
15 28
19 16
3 2
15 12
16 39
8 37
10 47
14 21
18 27
22 31
12 35
11 40
12 5
13 16
16 21
7 6
2 49
16 23
8 23
19 18
2 3
24 15
19 14
19 24
14 9
19 10
7 40
20 15
19 12
22 29
7 30
9 40
18 17
4 1
2 15
10 17
21 12
4 27
23 4
17 4
2 5
24 37
17 32
8 35
16 45
22 1
6 41
8 43
23 8
18 29
10 11
8 17
6 19
10 21
16 49
20 43
18 49
12 1
11 44
15 30
5 46
3 34
15 2
18 41
10 37
19 32
24 19
13 20
17 22
23 20
21 34
17 10
17 40
4 37
16 31
9 28
15 34
22 27
3 36
17 44
23 22
10 27
21 30
10 25
8 15
16 17
8 47
24 47
20 39
2 41
22 9
3 18
24 30 10 183
7 18
6 25
15 22
21 42
24 59
3 14
22 33
19 14
13 56
7 6
13 36
20 29
20 25
14 51
16 43
24 61
6 41
13 48
17 32
7 44
18 19
20 53
13 24
22 45
23 16
17 46
7 26
13 26
6 39
12 5
2 61
21 24
18 23
16 41
21 46
8 23
15 42
21 32
12 43
18 1
5 18
4 9
8 7
5 42
18 41
8 17
17 36
7 16
6 61
12 31
5 10
9 26
18 25
21 14
6 21
12 51
23 48
4 13
16 37
11 6
19 26
8 39
22 47
3 48
9 56
13 12
15 60
8 1
2 55
3 52
24 3
2 1
21 44
2 21
24 17
2 23
11 2
20 35
17 52
23 26
3 56
2 7
3 10
17 38
12 15
21 4
5 26
14 33
11 10
14 27
19 42
21 56
22 17
16 17
7 42
8 33
5 22
20 3
12 1
5 52
14 37
15 2
9 50
5 40
18 57
9 32
16 57
14 25
3 54
7 38
7 60
23 44
12 37
9 18
24 51
24 43
11 8
17 48
4 47
11 22
20 15
13 44
14 29
24 47
23 60
16 51
6 9
18 11
4 17
14 19
18 31
20 19
3 44
7 12
10 27
14 3
16 39
12 13
15 56
3 12
20 17
18 3
20 41
13 58
2 25
16 7
21 40
7 48
5 14
14 7
2 5
24 45
8 3
8 43
3 8
16 61
10 11
24 5
12 33
9 46
11 16
11 30
15 30
22 59
24 31
17 54
23 46
8 61
15 6
18 59
9 6
2 17
6 15
16 9
17 30
9 58
9 10
22 37
14 57
21 8
4 27
8 27
24 53
36 6 6 77
24 5
11 4
19 8
35 6
35 4
22 3
29 12
19 4
23 2
36 9
15 2
13 10
19 6
10 5
20 1
25 12
26 5
34 3
35 10
25 4
5 2
30 1
33 6
28 1
31 4
3 2
35 8
5 10
2 7
22 1
8 5
14 9
4 1
20 5
30 11
20 7
25 8
7 12
31 12
7 10
34 9
29 2
4 3
29 6
2 13
28 3
8 11
4 13
18 11
8 13
7 8
30 5
21 8
30 13
2 3
9 2
24 7
32 1
36 3
30 7
35 2
23 10
14 3
32 9
6 1
2 9
24 13
20 3
22 7
24 3
28 7
10 11
29 10
15 8
26 13
11 8
16 13
36 12 18 13
10 15
6 17
27 24
33 16
36 23
31 22
20 13
29 2
6 15
7 12
24 3
35 24
7 4
36 18 16 49
31 14
32 31
18 31
28 31
5 22
19 22
16 13
22 27
35 32
33 12
32 17
11 26
28 27
25 14
15 30
5 36
13 26
33 2
5 16
36 3
11 16
8 27
36 9
26 21
26 17
30 1
34 1
15 26
21 2
24 27
12 7
22 25
22 23
32 37
6 23
20 37
7 36
29 28
19 16
18 13
28 15
29 8
3 24
15 20
13 8
10 11
17 12
2 11
14 1
36 24 18 173
26 33
23 14
35 2
25 2
10 31
15 32
26 3
27 34
31 8
27 42
26 43
8 21
15 8
7 14
31 32
25 30
13 20
13 12
24 35
36 1
21 40
6 31
13 40
8 31
15 24
27 4
22 7
11 18
19 28
17 16
19 16
33 48
3 2
31 36
10 17
24 19
21 24
31 38
24 11
12 33
28 31
34 3
13 4
3 44
22 23
19 4
4 31
11 28
35 44
6 47
21 18
18 47
34 45
10 21
19 30
4 21
21 36
12 13
26 15
6 27
15 4
24 23
26 27
32 19
10 37
15 48
8 47
12 1
4 17
17 20
25 42
18 13
5 10
11 32
6 37
31 4
36 23
26 35
9 40
29 14
35 30
20 47
12 5
31 44
8 39
3 30
27 48
27 44
34 9
7 40
25 6
7 44
32 39
5 44
15 42
14 3
13 22
31 6
2 39
4 23
8 37
6 3
23 44
9 6
11 2
9 8
28 45
8 1
16 49
7 30
23 30
17 38
28 27
26 37
29 40
36 5
31 18
21 44
36 37
2 17
6 7
9 42
13 2
14 37
14 15
33 34
29 22
12 25
5 48
4 13
17 2
9 16
19 12
29 8
22 15
7 36
32 15
14 19
15 34
9 14
14 9
10 3
3 42
17 14
14 11
29 42
28 37
24 49
30 1
29 10
24 31
31 40
15 44
11 40
21 22
34 39
2 31
18 39
33 14
6 25
17 30
36 19
25 18
2 23
31 46
27 40
35 20
32 47
22 1
9 34
18 7
27 30
4 41
36 30 20 244
36 39
33 60
2 9
18 39
31 28
20 25
12 13
15 48
32 5
9 28
26 27
16 17
2 15
6 31
11 42
9 48
7 6
5 52
26 5
7 42
31 30
14 27
33 48
25 34
10 7
29 54
25 12
22 59
31 22
15 26
30 53
22 47
36 61
4 41
3 12
26 59
8 9
26 57
2 11
35 16
35 50
34 37
33 8
2 43
5 4
2 17
32 61
5 34
33 16
24 33
10 47
36 45
20 9
16 51
25 28
14 37
2 61
29 60
8 37
3 20
33 52
18 3
13 32
11 50
20 11
3 8
3 16
7 40
36 9
28 53
11 30
10 39
9 32
34 21
9 8
13 44
9 54
4 59
13 36
20 5
32 57
23 56
5 44
4 57
11 54
16 3
36 13
28 37
14 43
32 11
15 56
12 11
19 34
32 23
14 35
28 3
23 16
22 33
25 38
29 12
15 38
10 41
14 31
5 6
29 24
34 9
32 49
13 18
34 41
36 37
26 29
5 12
11 8
29 48
8 19
12 51
22 61
8 15
8 55
23 40
7 46
4 49
18 17
17 44
25 42
33 58
34 33
9 58
30 15
5 56
32 59
21 24
19 46
6 35
7 24
27 54
20 41
26 21
22 7
33 46
10 1
35 54
18 47
7 54
27 56
35 32
2 31
34 31
30 3
8 11
6 13
24 51
11 4
27 18
9 26
4 45
7 10
30 45
12 57
12 17
5 38
32 27
2 47
26 49
5 32
34 17
26 25
19 8
4 53
10 9
31 38
34 23
17 2
13 2
19 50
16 5
33 54
33 56
26 47
19 32
20 61
4 25
14 13
4 55
24 59
28 5
35 52
14 7
28 49
10 15
14 21
10 49
27 6
20 13
27 32
12 35
19 14
23 50
11 14
36 5
31 54
7 48
22 29
33 36
36 15
16 23
10 33
18 59
11 56
30 35
21 56
7 2
14 23
6 27
20 7
20 29
35 58
30 59
24 41
20 39
26 35
31 56
24 61
21 34
30 55
30 31
28 21
14 9
11 40
10 13
21 6
35 10
8 53
26 53
14 11
15 34
19 28
2 39
23 6
7 22
29 10
35 2
30 17
16 7
48 6 6 103
22 3
4 5
22 7
30 5
13 12
3 12
15 2
47 8
6 3
14 3
10 1
41 4
38 3
20 13
7 4
17 4
39 12
4 3
24 5
48 5
37 6
41 8
5 10
10 11
48 3
23 2
35 6
8 3
8 5
48 9
17 12
36 9
41 12
8 11
31 10
45 10
48 13
18 11
12 3
29 12
7 12
45 8
25 6
45 12
28 7
20 3
35 8
43 8
44 13
46 13
46 5
21 8
43 2
15 6
34 9
15 12
29 10
22 11
18 3
30 7
25 2
39 6
19 6
6 7
18 13
32 5
47 2
45 2
17 10
12 7
5 6
35 4
18 1
20 9
2 3
14 7
41 10
48 7
13 4
19 12
8 13
34 11
3 6
44 3
26 9
32 1
28 3
8 9
44 7
37 12
16 13
45 4
33 2
18 5
26 7
46 11
27 2
44 5
47 4
24 7
33 10
43 10
38 7
48 12 20 84
5 10
12 17
11 4
27 4
30 5
43 10
36 23
36 5
33 14
10 25
28 11
23 16
4 21
47 18
23 14
29 22
37 12
18 5
48 19
12 23
12 11
39 2
25 2
23 8
21 18
35 18
38 17
7 16
39 6
38 19
11 20
21 20
40 1
21 14
5 8
9 10
5 22
10 1
16 1
6 7
21 4
7 24
23 12
30 7
46 21
32 15
28 13
8 21
21 24
21 6
19 12
4 9
27 18
19 14
12 19
48 1
33 16
3 24
22 3
47 12
13 2
17 22
24 17
11 10
46 13
37 10
17 20
48 11
14 13
31 12
30 3
43 14
26 21
18 3
46 11
16 3
42 23
5 12
7 20
21 12
40 3
42 9
13 18
18 9
48 18 32 363
19 30
21 14
18 37
23 8
39 36
2 1
40 11
7 20
44 11
4 11
29 14
29 22
35 14
47 4
26 5
41 6
19 18
13 12
41 14
25 2
2 19
19 16
10 21
4 13
32 7
5 20
13 24
45 22
14 9
6 5
34 13
14 3
22 15
43 28
4 33
10 31
23 2
10 25
43 8
44 7
38 13
41 8
47 16
34 35
22 19
17 16
7 10
28 11
18 17
4 5
47 22
42 11
45 30
14 11
28 21
29 20
43 34
24 33
41 2
33 20
2 23
28 13
33 14
35 36
25 22
26 29
43 32
38 15
27 6
23 30
42 1
31 26
22 1
29 36
14 19
37 10
20 25
23 22
20 19
6 37
25 36
33 26
39 18
24 7
33 16
3 32
18 7
46 15
23 18
41 20
46 19
20 9
13 34
3 24
22 13
39 10
9 30
42 35
20 29
39 28
36 13
26 17
45 4
39 26
20 11
17 12
2 9
29 34
39 22
5 22
8 13
48 13
7 28
47 8
35 34
28 17
48 17
15 24
40 13
20 21
45 34
10 13
4 9
46 9
33 28
16 9
21 8
36 37
23 14
27 10
19 24
2 11
5 14
30 37
6 3
45 14
35 10
27 24
31 4
37 20
27 20
40 29
47 36
32 37
11 26
35 30
18 31
22 9
20 33
48 33
11 6
27 36
30 17
17 18
38 9
26 3
21 2
47 28
31 6
44 17
7 8
21 6
44 3
43 24
8 25
19 2
32 3
45 18
47 34
30 25
23 20
40 1
30 33
20 23
37 14
22 29
3 28
25 34
22 7
40 21
11 32
8 33
9 10
44 19
46 33
3 10
6 35
45 6
9 32
33 34
24 35
21 22
3 26
5 30
9 16
45 16
22 37
16 11
36 3
41 32
15 28
6 23
12 11
20 5
44 33
24 11
7 4
5 6
7 24
26 31
29 18
36 25
10 35
12 3
39 20
43 16
34 21
37 32
4 29
24 9
8 11
36 1
46 27
36 33
11 28
17 4
15 20
4 17
42 27
16 1
15 6
47 24
28 3
46 3
25 8
34 33
41 16
16 25
29 26
45 32
3 12
35 4
9 12
21 28
20 31
28 5
46 17
35 24
7 30
12 13
9 24
2 3
42 17
30 15
43 10
5 10
37 12
32 29
19 8
9 22
5 36
34 7
2 7
40 5
21 32
24 23
17 2
13 8
16 3
37 30
48 15
35 18
4 7
11 8
6 1
48 31
19 4
48 27
7 14
4 23
40 31
26 27
17 36
48 29
44 25
46 25
24 15
48 7
30 31
5 4
25 4
17 22
31 8
25 30
3 18
31 28
23 12
38 25
12 33
14 17
25 18
35 26
37 24
24 13
2 17
28 15
32 21
14 7
27 8
18 5
32 33
47 6
36 11
19 34
17 6
20 7
12 1
14 5
20 3
22 27
12 35
17 14
21 18
48 3
11 20
43 2
45 36
41 36
13 20
47 32
22 5
30 7
19 14
8 3
23 4
15 2
36 29
7 32
36 5
33 36
17 10
32 35
23 6
29 8
15 4
40 37
20 13
24 29
22 3
27 4
22 21
11 4
40 33
2 35
5 32
26 23
4 35
13 22
42 25
30 13
41 18
29 16
14 33
48 24 32 527
47 4
48 25
17 40
2 3
29 22
32 33
3 32
20 41
13 44
43 32
42 41
2 17
8 37
6 15
22 27
8 31
26 17
18 29
14 33
4 35
47 22
7 22
6 41
17 12
24 33
32 13
8 27
46 39
41 32
39 38
40 49
42 15
22 19
17 44
45 6
37 18
37 6
29 44
25 28
32 21
8 13
37 44
37 20
33 16
37 34
35 38
11 28
37 36
17 24
27 8
27 40
11 36
38 7
39 44
6 3
26 43
25 2
10 13
9 2
35 16
16 13
11 44
14 1
21 30
19 8
47 14
24 43
43 36
12 37
41 6
14 27
21 46
4 45
28 37
13 46
39 46
5 24
36 21
4 5
28 9
28 21
8 9
35 34
36 45
36 39
2 9
39 14
16 5
3 6
42 47
40 33
19 20
44 1
43 4
31 10
2 15
6 23
36 33
7 32
45 28
3 48
17 32
7 6
43 12
19 44
14 37
47 34
4 43
27 36
36 47
45 24
32 27
16 49
12 3
18 5
20 9
41 44
4 11
24 23
23 20
42 43
25 14
24 19
25 46
4 23
18 37
23 16
13 10
28 41
8 49
48 23
19 26
9 20
21 36
38 13
4 25
43 24
2 29
41 30
48 43
6 49
39 40
35 48
46 33
28 17
23 40
23 38
20 7
24 17
27 22
29 38
48 3
13 2
9 26
14 7
17 6
3 46
46 17
9 14
10 47
47 16
23 28
6 9
40 1
34 45
31 24
18 49
28 5
48 1
30 35
9 34
18 27
20 43
20 25
29 36
4 47
48 15
36 27
17 16
17 30
6 19
44 21
32 47
12 21
42 23
30 41
28 47
26 39
30 17
21 24
22 25
20 23
31 26
46 11
41 10
5 34
34 47
6 31
12 45
39 34
9 32
35 30
25 42
19 10
24 45
30 15
44 13
37 32
39 48
15 10
2 37
46 27
42 17
25 22
40 21
11 24
24 37
4 33
33 8
34 21
47 44
35 4
9 48
45 10
45 42
19 34
6 39
48 11
18 9
47 36
9 44
8 47
7 48
40 39
3 42
46 3
2 5
2 19
27 12
32 29
32 45
9 16
34 11
33 30
39 26
30 13
24 49
22 15
36 29
12 33
12 41
35 24
34 13
41 14
35 26
11 34
26 23
29 28
39 28
22 43
9 10
31 4
8 19
22 13
39 18
21 32
3 30
21 12
41 36
2 43
18 11
46 31
48 17
47 24
18 33
2 45
21 44
48 19
29 46
46 21
24 15
4 19
45 32
34 17
16 19
42 11
12 7
41 40
12 31
38 37
16 7
17 2
40 37
45 38
34 49
33 32
46 37
32 31
18 19
14 15
38 1
6 25
26 25
7 34
8 41
24 39
20 21
36 13
42 31
17 26
34 33
42 21
37 48
18 39
12 11
30 49
19 6
9 24
6 1
38 45
18 3
41 46
48 33
8 5
46 1
18 23
29 26
2 39
30 5
18 17
14 45
19 2
10 41
15 12
46 45
21 8
41 34
32 17
33 38
11 20
40 27
33 6
24 31
36 25
29 34
43 14
43 10
23 6
37 26
15 42
38 31
12 49
25 4
7 8
42 13
34 1
36 41
13 32
31 28
45 2
11 38
32 11
23 4
8 11
41 22
43 2
46 43
41 20
47 38
33 48
4 17
28 27
4 31
16 41
3 28
13 20
26 41
46 9
47 2
22 31
28 25
13 30
15 40
10 37
3 16
31 6
47 30
19 48
15 34
7 46
44 39
16 27
22 9
37 8
15 8
28 45
34 35
35 42
26 31
27 48
41 42
5 4
8 29
22 45
16 17
46 23
45 46
4 49
23 42
36 49
19 18
22 1
25 36
15 48
16 31
17 46
5 12
48 49
46 15
25 44
14 49
12 19
47 32
35 44
34 27
17 8
12 5
36 15
39 4
30 25
5 44
23 32
40 29
16 43
5 18
33 12
4 7
19 30
10 19
8 3
9 36
12 43
34 43
11 42
41 18
21 6
27 46
23 12
22 37
15 14
45 30
12 29
29 24
21 48
17 14
14 25
12 35
13 6
46 7
11 6
46 25
7 38
39 10
41 28
29 40
34 9
30 43
28 35
26 13
46 19
39 12
47 46
29 14
15 22
16 21
4 29
45 16
26 49
26 11
12 17
21 2
36 11
45 8
41 38
32 15
10 7
26 15
26 3
15 36
33 4
10 31
47 10
30 33
3 22
38 3
9 6
9 46
15 38
28 31
41 24
27 28
27 38
32 5
18 45
42 49
14 11
14 31
12 13
16 33
40 11
28 11
20 45
38 15
16 37
25 24
13 8
24 47
13 26
38 43
32 25
6 11
10 23
16 23
2 25
31 14
31 2
25 8
48 30 34 246
30 61
45 20
11 58
19 46
16 3
22 43
31 40
4 19
9 10
28 23
13 20
26 23
5 24
33 60
8 35
19 52
40 45
20 15
16 19
41 60
24 27
28 57
31 20
37 42
20 39
43 14
15 28
18 27
25 36
11 4
27 54
10 1
20 21
44 5
7 24
5 40
26 43
14 31
41 44
9 54
27 52
27 32
19 28
32 15
21 44
44 57
10 7
32 53
31 50
47 8
36 41
8 3
28 55
4 11
2 5
25 54
25 8
41 40
29 10
39 6
9 22
43 46
12 49
35 10
21 42
23 60
36 5
16 15
11 60
3 20
3 26
47 54
31 58
11 20
4 41
43 54
17 34
48 1
32 19
8 7
34 17
25 16
43 12
41 36
33 10
48 41
16 51
30 35
34 53
37 58
20 51
22 53
40 13
14 23
39 40
33 26
32 41
43 10
12 13
43 18
35 26
47 6
29 56
20 45
9 30
22 9
21 26
46 31
28 47
26 31
13 56
22 33
9 32
16 57
5 18
47 58
24 13
6 19
5 34
16 5
48 47
23 52
11 32
48 11
26 15
40 41
16 29
8 47
42 29
43 58
8 55
12 33
19 40
40 51
21 14
6 51
11 52
3 6
46 15
31 24
14 17
22 11
27 2
43 28
27 26
6 49
18 37
48 57
32 45
36 51
3 50
33 46
19 60
13 14
41 18
39 50
44 11
35 40
9 16
30 1
6 21
2 57
26 3
7 22
28 51
7 12
24 53
25 46
28 7
41 34
45 24
3 44
32 35
24 41
34 49
20 33
19 8
40 31
38 25
48 3
13 36
47 32
24 51
17 46
41 10
24 37
19 12
43 50
13 12
34 19
32 43
4 31
42 53
38 9
18 13
26 33
21 34
18 57
36 15
36 61
45 26
45 6
38 11
29 18
25 22
6 37
35 32
30 51
46 5
9 12
10 13
32 13
22 41
4 5
5 28
33 54
25 56
39 34
39 42
5 58
24 59
24 47
22 37
38 37
12 61
44 41
21 40
11 56
47 56
33 32
12 55
9 42
4 61
9 38
11 24
20 1
6 55
2 29
47 26
18 3
42 21
35 46
2 1
37 60
17 50
18 19
60 6 6 17
41 10
33 4
52 9
49 12
47 12
5 8
55 2
59 6
15 4
60 7
10 5
49 2
35 6
41 6
24 13
26 7
34 1
60 12 8 184
43 6
30 7
19 14
40 5
4 5
4 23
58 15
13 18
59 20
8 15
44 17
38 1
12 19
16 11
54 15
9 16
38 23
13 14
33 20
25 12
53 22
34 1
5 12
57 6
10 21
48 15
59 18
60 11
18 5
28 17
34 21
55 10
58 21
34 9
6 13
5 18
37 14
57 16
58 13
33 10
25 14
38 21
43 8
48 9
46 5
32 5
7 6
9 6
52 23
7 8
54 19
19 10
10 15
18 15
12 9
33 18
46 21
39 16
42 15
60 15
3 4
45 4
57 10
52 11
52 9
59 8
45 8
35 18
57 2
56 21
28 7
41 24
44 21
28 15
51 18
26 1
29 4
17 12
57 24
37 24
12 21
37 10
7 18
52 7
50 23
3 24
33 24
58 5
44 9
56 11
22 1
30 5
25 10
49 16
42 13
33 6
13 16
39 10
11 8
24 19
47 2
27 8
58 3
7 22
27 4
22 19
4 25
47 22
5 4
39 18
28 23
31 20
57 14
52 1
19 20
28 1
24 7
45 24
58 9
35 2
40 1
46 11
3 8
9 10
17 16
29 8
6 11
36 11
53 2
27 22
42 5
51 10
15 10
58 17
13 4
55 4
13 20
2 9
9 20
20 19
11 18
53 16
20 1
52 13
33 8
16 13
31 16
44 11
23 12
38 9
6 17
27 6
38 25
32 21
44 19
48 13
3 2
6 15
4 11
40 13
32 3
43 12
31 4
46 1
36 3
32 13
18 21
10 1
45 14
11 10
4 13
12 25
5 6
38 19
28 25
43 14
50 1
51 12
19 22
33 22
40 23
27 18
59 2
21 16
60 18 4 8
42 1
35 24
26 17
48 11
56 15
50 37
58 17
60 19
60 24 24 330
39 14
13 20
41 48
4 9
38 1
24 17
46 41
26 39
41 20
51 10
28 41
24 31
23 26
44 31
41 24
48 3
10 9
9 44
36 1
21 38
5 40
56 43
37 40
47 12
29 44
39 18
26 19
12 29
39 42
49 22
35 38
57 14
56 11
3 6
53 42
11 2
2 21
12 7
28 45
50 3
40 29
31 26
5 12
2 49
53 10
42 27
60 7
52 1
39 40
48 1
23 8
35 28
24 27
8 45
38 3
41 14
5 18
34 5
48 39
49 24
19 32
48 25
28 27
40 35
50 45
31 32
27 44
26 17
45 4
53 36
36 43
8 31
40 49
55 32
47 18
13 40
7 28
24 49
4 15
14 43
47 24
20 45
30 31
40 21
23 12
58 15
57 42
41 12
55 30
39 46
57 30
18 25
42 19
7 14
56 47
4 17
40 25
19 28
23 22
51 36
35 12
52 19
17 10
60 9
35 44
37 12
12 17
25 36
56 19
37 36
18 9
54 29
14 17
8 15
6 33
38 37
16 11
12 15
37 28
39 4
44 7
2 13
16 25
26 49
40 19
20 1
3 34
13 34
43 38
38 21
4 21
60 15
36 19
8 11
13 28
50 49
40 27
46 1
48 7
57 2
5 16
19 44
50 9
54 33
2 45
30 47
6 49
60 3
25 16
45 28
30 19
12 47
41 4
6 47
19 34
20 21
47 28
54 27
58 17
9 30
22 15
41 38
25 24
48 41
40 3
15 16
27 12
18 29
43 44
49 36
60 11
51 12
57 22
8 47
30 33
11 6
4 29
2 31
8 43
32 13
42 11
23 4
57 10
59 40
10 33
51 42
37 22
16 23
16 1
52 35
20 7
34 49
24 29
6 27
48 9
14 45
28 9
57 40
7 4
59 30
3 48
27 24
15 40
24 43
10 47
59 16
6 29
21 46
35 8
9 24
15 22
17 44
4 25
18 7
48 23
34 33
3 30
10 31
42 37
12 45
26 11
44 21
59 12
31 30
2 25
20 39
54 41
11 10
43 18
55 34
9 16
53 28
59 34
34 41
49 8
19 6
3 46
21 12
5 22
31 46
10 39
3 24
55 24
57 20
56 27
9 38
12 3
32 7
31 18
52 23
52 47
17 46
52 41
46 21
30 15
18 23
43 28
28 19
37 24
22 5
7 44
45 42
51 24
37 2
30 5
57 12
5 46
21 40
3 16
4 23
55 42
41 22
44 37
53 34
47 14
48 49
10 1
57 34
40 23
24 41
33 12
31 4
44 23
27 20
32 37
34 3
48 11
42 7
51 2
7 32
57 38
21 30
7 38
25 6
4 43
42 41
55 48
10 15
3 44
15 42
21 42
56 23
31 24
11 40
5 42
9 18
46 5
5 10
49 4
22 49
25 34
43 46
56 5
34 15
33 4
33 6
47 30
42 43
15 10
31 6
48 43
6 13
37 18
50 27
43 12
32 15
18 17
18 1
10 13
24 23
60 30 54 758
9 32
52 3
58 53
30 33
4 59
44 3
17 14
11 14
34 53
28 3
32 43
14 31
14 23
2 17
31 22
38 17
16 31
35 8
3 12
53 2
29 16
29 56
25 2
31 54
38 61
44 19
49 12
21 26
34 5
43 30
42 13
52 59
42 29
43 10
35 48
39 12
27 56
41 58
46 53
42 33
7 44
55 48
37 18
19 36
10 11
37 36
22 7
15 14
17 26
16 1
44 45
10 51
55 46
40 53
7 28
21 54
52 41
9 34
46 37
8 35
12 49
45 16
57 38
43 12
15 32
9 16
55 26
49 8
11 34
54 11
20 29
58 21
20 55
41 46
3 2
7 10
19 2
10 55
25 30
40 35
16 21
58 11
8 13
51 20
6 1
8 47
30 13
57 6
32 25
56 55
17 52
37 14
30 47
13 42
34 9
16 55
17 6
18 51
31 58
53 56
59 54
16 43
5 6
49 4
24 33
36 53
2 43
41 8
40 29
9 28
34 35
19 8
17 40
24 37
31 12
36 13
54 7
55 6
20 35
24 7
29 58
20 25
47 16
18 41
7 12
21 60
11 50
3 16
4 5
2 27
11 60
51 40
23 30
58 49
10 43
10 47
11 22
45 48
59 20
30 23
4 37
57 58
46 39
45 6
15 8
39 32
28 47
52 5
8 23
37 38
55 40
43 2
6 29
42 39
53 20
7 46
7 14
17 30
19 26
17 28
53 16
39 34
30 45
24 39
59 56
55 30
20 7
24 27
53 6
22 9
15 38
30 11
30 17
50 9
34 15
57 26
32 45
40 23
3 60
22 41
46 59
13 22
26 3
50 29
29 14
16 41
5 20
38 55
40 3
3 56
41 4
53 18
38 59
26 9
43 56
47 8
23 14
55 14
6 45
31 36
22 35
9 12
3 20
39 44
23 52
34 1
52 23
32 47
35 22
27 26
4 39
14 33
44 21
60 17
17 10
50 15
39 30
54 37
14 41
46 43
34 19
47 58
57 52
41 40
22 17
38 53
13 18
9 56
32 35
36 47
38 45
18 55
48 47
13 58
10 23
8 27
18 27
15 52
41 56
30 59
51 18
42 15
31 2
11 6
45 32
19 60
37 2
8 15
23 50
27 8
13 50
27 22
4 7
27 6
18 21
21 6
45 34
30 29
42 37
22 59
41 32
12 45
29 26
42 47
50 41
50 27
56 15
38 47
54 17
29 12
2 35
43 46
7 32
52 29
12 35
48 61
45 10
36 11
10 45
36 5
53 32
52 45
15 6
33 30
45 54
46 1
30 19
51 30
46 27
32 61
11 12
43 36
47 12
31 24
60 31
15 58
43 42
27 4
29 42
40 1
14 25
4 29
23 38
50 43
15 4
24 61
47 18
6 31
30 39
13 54
28 43
30 61
59 8
5 58
44 33
53 10
7 16
4 57
28 17
50 57
21 24
42 55
43 16
58 47
28 15
45 4
36 59
27 52
37 6
7 54
11 16
42 11
23 18
9 14
7 26
39 56
20 41
51 22
47 14
46 41
47 42
55 54
51 32
31 46
43 34
54 13
27 44
50 55
25 10
57 48
28 35
39 28
24 41
52 31
24 23
49 46
45 26
25 16
38 13
40 5
48 15
13 44
12 23
32 1
7 8
16 45
28 21
20 49
7 42
54 5
5 32
52 7
32 39
21 10
45 30
57 44
31 32
22 37
23 32
24 17
55 2
44 49
8 49
3 6
2 37
48 45
41 36
19 28
36 41
60 25
39 8
59 36
32 29
4 61
17 56
31 20
55 18
38 3
39 46
16 5
15 12
9 40
10 35
15 54
51 42
10 13
2 57
44 47
18 19
26 47
11 18
56 61
38 51
36 29
26 19
5 52
58 35
57 16
57 30
4 9
8 41
11 26
21 32
38 7
44 31
33 14
57 42
2 19
21 56
60 23
24 59
18 49
60 59
8 61
13 32
51 8
47 50
6 17
58 39
45 8
14 55
19 54
15 34
13 30
11 32
14 21
38 1
13 2
36 9
29 40
59 26
5 10
37 4
20 5
8 51
3 8
20 39
30 7
35 30
22 13
12 11
4 15
60 27
10 25
55 60
47 40
5 14
51 24
40 49
54 61
21 44
26 61
49 22
46 15
42 19
12 53
15 18
28 57
35 2
14 53
18 61
50 19
34 47
7 34
20 57
29 2
22 29
16 39
27 28
11 48
29 48
26 55
40 15
23 16
18 39
49 48
29 8
35 28
18 15
57 24
6 13
23 48
50 7
6 41
11 54
46 33
13 38
3 44
56 25
18 7
3 22
26 1
55 50
43 50
2 23
34 39
50 33
42 49
19 24
33 50
7 52
20 13
24 35
31 44
5 56
43 48
47 2
33 20
25 22
50 61
36 19
18 53
45 46
43 28
60 39
26 53
6 55
53 58
34 57
43 8
7 4
52 13
58 55
20 21
26 41
59 6
6 59
20 37
58 27
3 24
29 32
21 40
6 9
40 45
43 4
50 3
10 21
12 29
48 5
49 10
59 28
32 27
42 53
16 59
60 19
18 11
46 11
28 49
35 58
28 37
7 36
24 5
10 5
34 61
53 8
16 3
5 26
41 6
49 58
2 61
9 30
40 27
38 35
18 5
31 30
3 28
17 2
34 11
9 58
54 57
23 36
19 56
31 28
50 37
12 25
25 18
3 58
51 4
34 7
21 42
58 51
4 41
40 9
47 44
24 11
10 49
42 41
37 8
16 19
14 15
60 9
3 38
48 51
16 27
53 34
27 24
37 30
39 16
38 11
5 48
29 36
18 47
47 60
55 32
25 24
15 22
20 33
43 22
17 34
59 32
31 14
20 9
2 15
37 50
9 4
40 39
7 56
24 15
56 49
43 20
13 8
40 17
36 1
27 20
15 50
35 38
53 60
16 9
2 11
35 16
54 43
5 54
40 19
36 51
44 55
22 43
44 23
59 18
14 37
18 17
50 31
10 1
8 5
22 15
8 33
3 30
15 60
7 18
53 50
32 19
11 38
20 51
9 18
12 19
23 20
46 19
3 26
34 55
35 46
53 22
21 20
40 7
56 5
28 25
44 13
6 21
42 5
15 28
53 14
41 12
29 24
41 54
4 13
12 27
26 57
49 20
45 56
2 31
45 38
49 60
54 25
49 6
25 56
2 41
22 55
16 33
33 42
49 34
29 34
44 41
4 27
6 43
15 48
14 51
39 10
6 7
29 18
8 19
42 7
54 21
43 38
60 35
29 46
28 33
48 1
48 31
31 48
3 40
59 34
22 21
36 31
56 1
56 37
10 39
35 12
23 12
60 53
58 7
60 47
28 11
13 12
39 52
6 11
9 26
46 9
27 54
35 32
7 50
50 17
41 52
13 10
45 52
44 39
57 46
47 20
40 55
52 53
25 20
