10
4 3 2
5 5 5
5 1
4 2 3
5 1
5 5 5
5 4 4
10 8 1 4
2 7 11 1
10 3 1
1 2 3
6
2 2 2
6 6 
3 6
8 2 4
6 6
6 6 6 6
6 2 1
1 1
10
1000 5 1
1 1 1 1 1
200
50000 117 794
50 892 339 864 562 344 292 102 945 498 241 836 773 170 61 197 61 497 700 452 273 341 792 806 879 892 194 338 712 772 454 678 706 367 306 659 455 948 776 740 470 452 105 298 112 403 141 524 998 392 81 597 250 54 176 71 75 107 13 959 500 409 223 312 375 491 870 317 614 99 733 545 178 866 265 161 152 503 161 629 569 91 151 202 496 708 710 419 801 521 931 50 345 93 793 697 161 144 48 838 926 483 598 487 286 746 816 561 603 150 274 480 756 460 974 498 813 
168 530 476 539 582 173 362 181 298 867 304 1000 406 183 151 33 140 368 613 376 373 647 99 699 146 40 357 448 865 407 877 144 650 109 713 136 633 755 39 466 383 326 686 428 165 644 878 790 232 294 283 329 531 134 230 119 641 658 853 830 643 330 428 721 257 95 379 808 596 716 457 871 59 690 706 277 508 54 806 733 806 190 402 858 204 444 178 759 677 969 335 684 169 110 397 920 447 775 497 299 821 585 849 515 927 654 772 283 796 830 180 382 725 48 649 42 416 538 792 426 876 989 251 628 21 676 731 637 562 614 475 722 933 450 215 200 939 19 372 478 125 876 642 705 278 269 320 24 622 863 615 218 286 605 361 341 509 211 299 448 299 179 193 19 828 190 641 245 399 528 3 190 791 655 527 887 105 893 719 782 87 660 119 142 5 113 434 639 755 924 135 377 474 983 612 735 66 637 217 114 34 798 8 419 130 888 99 94 198 599 463 659 275 960 704 422 552 450 854 633 541 815 502 201 254 642 307 942 14 720 422 791 854 316 508 694 213 86 551 407 668 476 248 527 386 516 467 498 30 728 11 37 691 907 520 606 233 947 558 617 241 87 432 708 57 51 701 373 81 18 770 891 749 19 776 162 660 639 663 26 432 930 379 626 999 944 310 33 281 330 262 798 355 713 120 209 196 770 333 186 278 707 268 360 791 597 601 868 537 202 477 879 334 681 973 312 760 999 383 603 695 633 626 359 932 295 981 927 407 955 924 691 620 738 326 775 267 522 818 85 960 261 19 607 736 548 122 303 773 168 411 418 891 333 634 234 516 89 744 404 713 491 608 746 123 951 79 81 769 441 68 781 842 967 867 515 453 436 696 640 39 802 299 32 637 321 815 729 155 837 63 633 28 604 763 109 74 209 127 205 241 946 301 828 903 729 989 588 190 961 881 729 598 742 342 212 821 354 544 747 936 846 989 127 846 462 612 302 962 168 999 522 746 502 15 858 295 210 48 792 4 74 173 275 225 692 532 709 914 371 973 952 612 442 263 540 784 640 924 980 316 205 614 858 5 517 786 408 673 635 636 545 605 671 843 350 130 771 22 421 581 714 799 448 743 674 95 282 114 819 10 631 630 792 892 20 786 734 964 76 199 179 505 709 521 57 11 859 863 731 427 763 534 63 564 98 89 685 83 975 924 623 494 807 136 121 378 728 513 842 215 528 767 883 871 134 170 872 573 768 873 741 755 367 141 579 591 368 449 340 758 925 957 547 313 428 108 406 311 990 498 400 283 26 778 739 111 882 622 699 970 415 648 833 478 777 121 758 973 89 289 294 341 651 542 495 945 710 480 194 859 958 868 145 686 436 600 298 297 931 999 299 721 430 180 758 461 289 548 39 424 622 879 996 754 425 664 780 416 237 229 979 886 536 177 685 490 452 872 136 123 544 75 1000 658 815 429 61 31 647 148 735 895 229 228 381 772 430 889 818 598 657 835 817 649 308 791 35 607 68 436 319 55 129 746 841 622 169 90 309 445 811 234 798 722 471 312 178 708 68 905 968 370 218 746 558 635 842 735 852 723 411 170 236 180 78 262 270 67 619 132 327 349 421 6 354 714 740 610 139 729 490 290 999 924 769 146 535 957 154 617 967 840 440 155 770 515 999 758 72 460 431 723 499 626 638 16 406 526 29 340 39 699 528 970 15 300 452 490 879 189 477 932 85 501 413 511 55 771 716 721 207 574 700 303 928 777 764 703 128 127 928 220 910 410 462 994 830 779 780 203 971 837 257 66 317 795 953 557 555 820 269 992 578 
50000 401 401
369 248 203 810 433 815 9 509 845 330 779 575 179 256 698 560 494 759 809 806 843 19 299 880 947 485 613 366 650 660 37 248 127 216 316 276 613 868 160 324 10 987 165 503 606 215 572 38 790 118 956 313 930 22 425 908 835 426 474 421 273 230 335 615 44 151 179 363 314 63 702 749 616 127 231 613 796 21 192 416 283 897 441 774 790 739 402 29 426 239 27 950 32 931 310 182 666 312 144 136 607 143 364 400 81 838 369 547 717 731 885 366 611 441 657 900 479 961 654 236 7 482 88 626 493 412 603 149 191 361 180 721 69 645 729 574 99 615 587 312 73 121 907 80 999 733 843 235 92 432 998 666 753 820 554 490 265 880 853 628 404 138 30 544 709 824 613 317 792 827 902 980 839 294 210 126 23 166 247 155 623 993 945 973 961 860 328 180 156 800 324 715 209 588 982 699 340 33 529 359 862 250 177 455 193 610 907 360 683 539 965 636 870 436 471 495 511 315 698 402 478 659 208 723 629 831 869 276 749 344 844 410 901 835 285 241 581 919 805 783 794 293 334 718 138 416 177 550 171 72 193 923 278 738 930 178 578 858 370 801 687 388 158 864 623 406 176 675 652 394 872 681 830 739 841 810 163 6 894 908 596 892 652 646 878 804 537 521 782 606 173 28 945 285 768 863 91 429 885 691 861 470 541 488 77 134 679 614 721 142 846 16 27 478 995 541 564 187 541 713 626 882 815 380 516 717 361 465 720 541 449 290 866 832 635 618 480 838 654 971 323 247 186 841 593 639 687 871 361 468 615 160 614 367 607 345 664 849 321 245 351 25 222 304 57 195 674 473 102 154 120 250 451 1 296 33 540 359 503 572 565 257 126 184 602 684 173 707 621 412 961 459 640 262 403 934 332 61 107 363 593 
491 973 185 623 877 651 687 700 493 227 340 903 186 602 160 333 330 449 386 122 619 752 43 363 887 200 674 89 726 77 354 23 432 419 114 24 371 256 883 795 73 27 239 681 142 268 71 137 441 148 598 640 249 398 685 951 562 134 158 696 439 120 957 514 202 212 667 181 2 209 149 431 541 80 165 633 342 43 423 460 864 829 695 152 796 459 289 653 431 36 777 563 544 5 132 608 432 184 614 520 83 605 997 570 670 337 78 1000 722 703 167 175 248 829 325 136 852 496 671 374 511 818 362 760 640 123 823 666 395 941 18 503 645 165 851 522 183 135 842 526 241 560 239 433 952 794 736 272 963 460 935 367 226 400 971 169 816 330 421 471 235 173 774 332 281 71 656 488 974 280 314 922 419 15 487 580 745 918 9 746 230 232 329 11 871 783 331 636 951 410 536 393 575 343 148 477 375 669 266 251 43 430 20 942 33 467 743 542 730 473 286 780 552 618 86 33 151 279 466 514 486 308 992 918 72 764 235 842 30 767 290 21 799 553 249 768 115 941 823 601 492 506 848 32 310 660 884 816 713 742 232 122 349 663 291 887 397 987 195 605 678 796 249 820 290 159 194 625 488 156 991 691 183 913 272 428 915 254 157 329 774 574 85 286 723 812 922 796 23 412 20 444 241 420 181 561 739 538 573 705 1 296 424 332 434 830 732 633 333 758 247 892 262 254 849 100 352 481 357 493 365 519 70 9 196 463 40 44 243 594 476 704 525 937 352 934 677 241 238 814 252 462 484 249 744 39 340 93 5 96 748 409 16 29 769 218 978 910 760 117 305 701 590 285 189 584 616 255 594 443 397 109 921 582 410 192 892 495 582 833 938 9 464 866 671 509 373 960 880 207 727 819 838 389 898 154 681 436 113 945 966
