100
1
1
2
1 3
24
3 1 1 3 3 3 2 2 1 2 3 2 1 1 1 3 2 1 2 3 3 3 2 3
8
3 1 2 1 2 2 2 2
23
2 2 2 1 3 2 3 3 3 2 1 2 3 2 3 1 1 1 3 3 2 1 1
5
1 2 1 1 2
7
3 2 3 3 1 3 1
16
3 1 1 2 2 1 3 1 3 3 1 2 2 3 3 2
15
3 2 2 3 3 3 1 2 2 2 2 1 1 2 1
3
3 3 2
10
2 3 1 3 2 1 3 1 1 1
20
2 3 1 1 3 3 2 3 3 3 2 1 2 3 3 2 1 3 2 2
4
1 2 1 1
21
3 2 3 3 3 2 2 2 1 3 2 3 2 1 1 1 3 1 3 1 1
17
3 2 2 1 2 3 1 2 2 1 1 1 3 1 1 3 2
17
3 3 2 1 1 1 1 2 1 3 1 3 3 2 1 1 3
7
2 1 2 1 1 2 2
10
3 2 3 1 1 2 1 2 2 3
7
1 2 1 3 3 3 2
5
3 1 2 2 2
19
2 1 2 2 3 3 3 3 2 3 2 1 3 3 3 3 1 3 2
20
3 3 1 1 1 3 3 2 3 2 3 3 2 1 3 2 1 1 1 3
6
3 2 3 3 3 1
10
2 1 2 2 2 3 1 1 3 3
20
2 2 3 3 1 3 2 1 3 3 2 1 1 2 1 1 3 3 3 2
14
1 3 3 3 1 3 1 1 3 3 1 1 3 3
19
2 1 2 2 1 1 3 2 3 3 1 3 3 3 2 1 2 1 2
25
3 3 3 2 1 3 1 1 1 1 1 3 3 2 2 1 3 3 3 3 2 3 1 3 2
14
3 2 1 1 3 2 2 3 2 1 3 1 3 3
18
1 2 1 2 2 3 1 2 1 3 2 3 2 2 2 1 2 1
16
2 1 1 2 2 1 3 3 2 3 2 1 1 1 2 1
5
2 1 1 1 2
19
1 3 1 2 3 2 1 2 3 3 2 2 2 2 2 3 1 2 1
13
1 3 2 2 2 1 1 3 3 3 1 2 1
17
2 2 2 2 1 3 2 2 2 1 3 2 3 3 1 1 2
13
3 2 2 3 3 2 1 2 1 2 3 3 2
12
2 2 1 3 2 1 2 3 3 1 2 1
9
1 2 3 1 2 2 2 2 3
18
2 1 3 1 1 2 1 2 3 3 3 2 2 2 2 3 2 3
19
1 2 3 3 2 3 2 2 3 3 2 3 2 2 3 3 1 3 1
10
1 2 1 2 2 2 1 2 1 2
5
2 3 2 1 1
9
2 3 2 2 1 1 1 1 1
15
1 3 1 3 2 2 2 2 3 2 1 2 1 2 1
22
1 3 2 1 2 1 1 1 3 1 2 2 3 1 1 2 1 2 2 3 3 2
23
3 1 1 2 1 2 1 2 1 3 2 1 1 2 2 1 2 2 2 2 3 2 1
9
3 3 1 2 2 1 3 2 3
9
3 1 3 3 1 3 1 1 2
23
3 2 1 3 1 1 1 3 2 2 1 3 2 2 3 3 3 1 1 1 3 2 3
25
2 2 2 2 1 2 1 1 3 2 1 3 2 1 1 2 3 1 2 2 2 1 1 1 3
7
3 1 1 2 2 3 2
18
3 2 1 1 2 3 1 2 2 3 3 1 3 3 3 1 1 2
14
2 3 2 1 1 2 1 2 3 3 1 3 1 1
23
2 3 1 1 2 3 3 3 1 1 2 1 2 2 2 2 2 1 2 2 2 3 3
10
2 2 2 2 2 3 1 3 1 1
18
3 2 2 1 1 2 3 1 1 3 3 1 3 1 3 2 3 1
4
2 1 3 3
4
1 3 1 2
3
3 1 1
5
2 3 1 2 1
13
3 1 2 2 2 2 1 1 3 3 1 1 1
18
3 2 2 3 2 2 3 3 3 1 2 1 1 1 1 3 3 1
5
1 3 1 1 1
23
2 2 2 2 3 2 3 3 2 2 1 2 3 2 1 1 2 3 2 3 3 2 1
9
3 1 1 3 3 3 1 3 2
4
1 3 2 3
23
1 3 1 3 1 1 3 1 2 1 1 2 3 3 3 1 1 2 2 2 2 2 3
6
1 1 2 3 3 3
14
3 2 3 3 2 1 2 1 3 2 1 3 3 2
4
2 3 2 3
22
2 2 3 3 2 1 3 3 1 2 3 2 2 3 1 1 1 2 1 3 2 2
3
3 1 2
25
2 3 3 3 1 2 2 2 3 3 2 1 2 3 2 3 2 3 1 2 2 1 2 2 3
20
1 3 3 3 2 2 2 2 2 2 2 2 3 3 3 1 1 1 3 2
5
1 1 3 1 3
18
2 1 1 3 1 2 1 3 3 2 3 3 3 2 2 2 2 3
4
3 3 1 1
20
2 1 1 1 2 3 3 2 3 2 2 2 3 2 3 1 1 1 2 2
19
2 3 1 3 3 1 2 1 1 3 2 1 2 2 3 2 3 3 2
22
3 3 3 2 3 1 2 1 3 1 1 1 2 2 2 3 3 3 3 1 2 1
9
2 1 2 3 3 1 2 1 2
8
3 2 3 2 1 1 2 2
14
1 2 1 1 1 3 1 1 1 3 2 3 3 2
7
1 2 3 3 1 2 3
25
2 1 2 1 1 2 2 1 3 1 1 2 3 2 3 3 3 3 1 2 1 3 3 3 3
3
1 1 2
13
3 2 2 1 2 1 2 1 2 1 2 3 1
21
3 1 1 1 3 2 3 2 3 1 2 1 1 2 1 3 2 3 2 1 2
22
1 2 2 1 2 3 2 1 3 3 1 2 3 3 1 3 1 1 2 2 2 3
18
3 3 3 2 2 2 3 3 3 1 2 3 1 3 2 1 1 3
25
1 1 3 2 2 2 1 2 3 2 1 2 1 3 3 3 1 1 1 2 1 2 3 3 1
7
2 3 2 2 3 2 2
25
2 3 3 2 1 3 1 2 3 1 3 2 2 2 2 2 3 2 2 1 2 3 2 1 3
15
1 2 2 1 2 3 1 2 2 1 2 3 3 1 1
10
2 2 3 2 1 2 1 3 2 3
11
3 3 1 3 1 2 1 1 3 2 1
21
2 3 3 1 1 3 1 2 3 1 3 1 3 3 3 3 2 2 2 2 3
4
3 1 3 1
12
2 3 3 2 3 3 1 1 3 1 3 1
